final docs:
[ 0.  1.  1.  1.  1.  1.  1.  1.  1.  1.  1.  1.  1.  1.  1.  1.  1.  1.
  1.  1.  1.  0.  0.  0.  0.  0.  0.  0.  0.  0.  0.  0.  2.  2.  2.  2.
  2.  2.  2.  2.  2.  0.  2.  2.  2.  2.  2.  2.  2.  2.  2.]
  
final venues:
topic 0 : [ 0.12806735  0.28464328  0.17820996  0.09237127  0.01346668  0.05046429
  0.12259121  0.09003532  0.03263628  0.00751436]

topic 1 : [ 0.00108518  0.49217713  0.28627112  0.10969748  0.01206898  0.06853911
  0.00524509  0.00683543  0.01238694  0.00569353]

topic 2 : [ 0.00633092  0.00465062  0.0029349   0.00150533  0.00867069  0.0099734
  0.50523461  0.39280587  0.01638557  0.0515081 ]



final authors:
topic 0 : [ 0.05508323  0.00782303  0.16691422  0.04677306  0.01279312  0.47646981
  0.13566058  0.00422809  0.09425485]

topic 1 : [ 0.02330865  0.26475765  0.15702249  0.20150647  0.25274566  0.01669728
  0.00303191  0.00322007  0.07770982]

topic 2 : [ 0.00501337  0.02168353  0.00711553  0.04250543  0.08681868  0.00477842
  0.34704843  0.1091972   0.37583941]



[  6.25160112e-04   4.43940348e-01   2.20155868e-01   1.58097897e-01
   6.70252671e-01   4.52731780e-01   1.74825519e-01   3.59567061e-02
   2.08306195e-01]
