final docs:
[ 1.  1.  1.  1.  1.  1.  1.  1.  1.  1.  1.  1.  1.  1.  1.  1.  1.  1.
  1.  1.  2.  2.  2.  2.  2.  2.  2.  2.  2.  2.  2.  2.  2.  2.  2.  2.
  2.  2.  2.  2.  2.  2.  2.  2.  2.  2.  2.  2.  2.  2.]

  
final venues:
topic 0 : [ 0.00674282  0.02026713  0.14328901  0.13191352  0.23711784  0.01559051
  0.14932405  0.01399244  0.09497358  0.18678909]

topic 1 : [ 0.00793897  0.07500142  0.21111047  0.04125569  0.1290367   0.2963981
  0.08551291  0.14718544  0.00271368  0.00384662]

topic 2 : [ 0.03388814  0.05621686  0.13096799  0.10606396  0.00401314  0.0111855
  0.15701421  0.21770816  0.10638193  0.1765601 ]



final authors:
topic 0 : [ 0.14024918  0.01750719  0.03761787  0.24396155  0.15907594  0.05132604
  0.15372199  0.00950453  0.1870357 ]

topic 1 : [ 0.06502463  0.32226343  0.06081173  0.241365    0.18319005  0.01923222
  0.002533    0.05311246  0.05246749]

topic 2 : [ 0.02136774  0.00436565  0.01107406  0.03350085  0.02624821  0.32482336
  0.18385537  0.07319794  0.32156681]



check final phrases
1191 2
1 2
2 2
3 2
4 2
4357 1
6 2
2951 1
8 2
9 2
10 2
17420 1
13 2
270 1
143 1
22 2
23 2
3613 2
5 2
4001 2
440 2
2000 2
678 1
1575 1
1448 2
17366 2
7 2
10284 2
14765 1
3506 1
4531 2
2360 1
6075 2
15420 2
3901 1
3518 1
97 2
333 1
1848 2
848 2
1745 1
83 2
10198 1
1888 1
22881 2
482 2
3367 2
115 2
9464 1
253 1
383 1