iter 0
[[ 0.16666667]
 [ 0.16666667]
 [ 0.16666667]
 [ 0.16666667]
 [ 0.16666667]
 [ 0.16666667]]

iter 1
[[ 0.11944444]
 [ 0.195     ]
 [ 0.10055556]
 [ 0.195     ]
 [ 0.195     ]
 [ 0.195     ]]

iter 2
[[ 0.16707101]
 [ 0.19424609]
 [ 0.13865681]
 [ 0.19424609]
 [ 0.19424609]
 [ 0.11153391]]

iter 3
[[ 0.12658843]
 [ 0.19488691]
 [ 0.10627074]
 [ 0.19488691]
 [ 0.19488691]
 [ 0.18248009]]

iter 4
[[ 0.15221176]
 [ 0.19951766]
 [ 0.12676941]
 [ 0.19951766]
 [ 0.19951766]
 [ 0.12246584]]

iter 5
[[ 0.13043193]
 [ 0.19558153]
 [ 0.10934554]
 [ 0.19558153]
 [ 0.19558153]
 [ 0.17347795]]

iter 6
[[ 0.14430542]
 [ 0.20132489]
 [ 0.12044433]
 [ 0.20132489]
 [ 0.20132489]
 [ 0.13127558]]

iter 7
[[ 0.13251295]
 [ 0.19644303]
 [ 0.11101036]
 [ 0.19644303]
 [ 0.19644303]
 [ 0.1671476 ]]

iter 8
[[ 0.14028659]
 [ 0.20165606]
 [ 0.11722927]
 [ 0.20165606]
 [ 0.20165606]
 [ 0.13751597]]

iter 9
[[ 0.133679  ]
 [ 0.19722498]
 [ 0.1119432 ]
 [ 0.19722498]
 [ 0.19722498]
 [ 0.16270285]]

iter 10
[[ 0.13823533]
 [ 0.20142165]
 [ 0.11558827]
 [ 0.20142165]
 [ 0.20142165]
 [ 0.14191144]]

iter 11
[[ 0.13436245]
 [ 0.19785448]
 [ 0.11248996]
 [ 0.19785448]
 [ 0.19785448]
 [ 0.15958414]]

iter 12
[[ 0.13715785]
 [ 0.20103794]
 [ 0.11472628]
 [ 0.20103794]
 [ 0.20103794]
 [ 0.14500204]]

iter 13
[[ 0.13478176]
 [ 0.198332  ]
 [ 0.11282541]
 [ 0.198332  ]
 [ 0.198332  ]
 [ 0.15739683]]

iter 14
[[ 0.13656615]
 [ 0.20066945]
 [ 0.11425292]
 [ 0.20066945]
 [ 0.20066945]
 [ 0.14717258]]

iter 15
[[ 0.13504942]
 [ 0.19868262]
 [ 0.11303953]
 [ 0.19868262]
 [ 0.19868262]
 [ 0.15586319]]

iter 16
[[ 0.13622402]
 [ 0.200367  ]
 [ 0.11397922]
 [ 0.200367  ]
 [ 0.200367  ]
 [ 0.14869578]]

iter 17
[[ 0.13522561]
 [ 0.19893528]
 [ 0.11318049]
 [ 0.19893528]
 [ 0.19893528]
 [ 0.15478808]]

iter 18
[[ 0.13601601]
 [ 0.20013568]
 [ 0.11381281]
 [ 0.20013568]
 [ 0.20013568]
 [ 0.14976415]]

iter 19
[[ 0.13534417]
 [ 0.19911534]
 [ 0.11327533]
 [ 0.19911534]
 [ 0.19911534]
 [ 0.15403449]]

iter 20
[[ 0.13588401]
 [ 0.19996517]
 [ 0.11370721]
 [ 0.19996517]
 [ 0.19996517]
 [ 0.15051326]]

iter 21
[[ 0.13542514]
 [ 0.19924281]
 [ 0.11334012]
 [ 0.19924281]
 [ 0.19924281]
 [ 0.1535063 ]]

iter 22
[[ 0.13579745]
 [ 0.19984206]
 [ 0.11363796]
 [ 0.19984206]
 [ 0.19984206]
 [ 0.15103842]]

iter 23
[[ 0.13548099]
 [ 0.1993327 ]
 [ 0.11338479]
 [ 0.1993327 ]
 [ 0.1993327 ]
 [ 0.15313612]]

iter 24
[[ 0.13573933]
 [ 0.19975423]
 [ 0.11359146]
 [ 0.19975423]
 [ 0.19975423]
 [ 0.15140653]]

iter 25
[[ 0.13551974]
 [ 0.19939593]
 [ 0.11341579]
 [ 0.19939593]
 [ 0.19939593]
 [ 0.15287668]]

iter 26
[[ 0.13569969]
 [ 0.19969201]
 [ 0.11355975]
 [ 0.19969201]
 [ 0.19969201]
 [ 0.15166453]]

iter 27
[[ 0.13554673]
 [ 0.19944034]
 [ 0.11343739]
 [ 0.19944034]
 [ 0.19944034]
 [ 0.15269486]]

iter 28
[[ 0.13567237]
 [ 0.19964813]
 [ 0.1135379 ]
 [ 0.19964813]
 [ 0.19964813]
 [ 0.15184536]]

iter 29
[[ 0.13556558]
 [ 0.19947151]
 [ 0.11345246]
 [ 0.19947151]
 [ 0.19947151]
 [ 0.15256743]]

iter 30
[[ 0.13565343]
 [ 0.19961725]
 [ 0.11352274]
 [ 0.19961725]
 [ 0.19961725]
 [ 0.15197209]]

iter 31
[[ 0.13557876]
 [ 0.19949337]
 [ 0.113463  ]
 [ 0.19949337]
 [ 0.19949337]
 [ 0.15247813]]

iter 32
[[ 0.13564024]
 [ 0.19959556]
 [ 0.11351219]
 [ 0.19959556]
 [ 0.19959556]
 [ 0.1520609 ]]

iter 33
[[ 0.13558798]
 [ 0.1995087 ]
 [ 0.11347038]
 [ 0.1995087 ]
 [ 0.1995087 ]
 [ 0.15241555]]

iter 34
[[ 0.13563103]
 [ 0.19958033]
 [ 0.11350482]
 [ 0.19958033]
 [ 0.19958033]
 [ 0.15212315]]

iter 35
[[ 0.13559443]
 [ 0.19951944]
 [ 0.11347555]
 [ 0.19951944]
 [ 0.19951944]
 [ 0.15237169]]

iter 36
[[ 0.13562459]
 [ 0.19956966]
 [ 0.11349967]
 [ 0.19956966]
 [ 0.19956966]
 [ 0.15216677]]

iter 37
[[ 0.13559896]
 [ 0.19952698]
 [ 0.11347917]
 [ 0.19952698]
 [ 0.19952698]
 [ 0.15234095]]

iter 38
[[ 0.13562008]
 [ 0.19956217]
 [ 0.11349607]
 [ 0.19956217]
 [ 0.19956217]
 [ 0.15219734]]

iter 39
[[ 0.13560213]
 [ 0.19953225]
 [ 0.1134817 ]
 [ 0.19953225]
 [ 0.19953225]
 [ 0.15231941]]

iter 40
[[ 0.13561693]
 [ 0.19955692]
 [ 0.11349354]
 [ 0.19955692]
 [ 0.19955692]
 [ 0.15221877]]

iter 41
[[ 0.13560435]
 [ 0.19953595]
 [ 0.11348348]
 [ 0.19953595]
 [ 0.19953595]
 [ 0.15230431]]

iter 42
[[ 0.13561472]
 [ 0.19955324]
 [ 0.11349178]
 [ 0.19955324]
 [ 0.19955324]
 [ 0.15223378]]

iter 43
[[ 0.1356059 ]
 [ 0.19953855]
 [ 0.11348472]
 [ 0.19953855]
 [ 0.19953855]
 [ 0.15229373]]

iter 44
[[ 0.13561317]
 [ 0.19955066]
 [ 0.11349054]
 [ 0.19955066]
 [ 0.19955066]
 [ 0.1522443 ]]

iter 45
[[ 0.13560699]
 [ 0.19954036]
 [ 0.11348559]
 [ 0.19954036]
 [ 0.19954036]
 [ 0.15228632]]

iter 46
[[ 0.13561209]
 [ 0.19954885]
 [ 0.11348967]
 [ 0.19954885]
 [ 0.19954885]
 [ 0.15225168]]

iter 47
[[ 0.13560776]
 [ 0.19954164]
 [ 0.11348621]
 [ 0.19954164]
 [ 0.19954164]
 [ 0.15228112]]

iter 48
[[ 0.13561133]
 [ 0.19954759]
 [ 0.11348906]
 [ 0.19954759]
 [ 0.19954759]
 [ 0.15225685]]

iter 49
[[ 0.13560829]
 [ 0.19954253]
 [ 0.11348663]
 [ 0.19954253]
 [ 0.19954253]
 [ 0.15227748]]

iter 50
[[ 0.13561079]
 [ 0.1995467 ]
 [ 0.11348864]
 [ 0.1995467 ]
 [ 0.1995467 ]
 [ 0.15226047]]

iter 51
[[ 0.13560867]
 [ 0.19954316]
 [ 0.11348693]
 [ 0.19954316]
 [ 0.19954316]
 [ 0.15227493]]

iter 52
[[ 0.13561042]
 [ 0.19954608]
 [ 0.11348834]
 [ 0.19954608]
 [ 0.19954608]
 [ 0.15226301]]

iter 53
[[ 0.13560893]
 [ 0.19954359]
 [ 0.11348715]
 [ 0.19954359]
 [ 0.19954359]
 [ 0.15227314]]

iter 54
[[ 0.13561016]
 [ 0.19954564]
 [ 0.11348813]
 [ 0.19954564]
 [ 0.19954564]
 [ 0.15226478]]

iter 55
[[ 0.13560912]
 [ 0.1995439 ]
 [ 0.11348729]
 [ 0.1995439 ]
 [ 0.1995439 ]
 [ 0.15227189]]

iter 56
[[ 0.13560998]
 [ 0.19954534]
 [ 0.11348798]
 [ 0.19954534]
 [ 0.19954534]
 [ 0.15226603]]

iter 57
[[ 0.13560924]
 [ 0.19954412]
 [ 0.1134874 ]
 [ 0.19954412]
 [ 0.19954412]
 [ 0.15227101]]

iter 58
[[ 0.13560985]
 [ 0.19954512]
 [ 0.11348788]
 [ 0.19954512]
 [ 0.19954512]
 [ 0.1522669 ]]

iter 59
[[ 0.13560934]
 [ 0.19954427]
 [ 0.11348747]
 [ 0.19954427]
 [ 0.19954427]
 [ 0.15227039]]

iter 60
[[ 0.13560976]
 [ 0.19954497]
 [ 0.11348781]
 [ 0.19954497]
 [ 0.19954497]
 [ 0.15226752]]

iter 61
[[ 0.1356094 ]
 [ 0.19954437]
 [ 0.11348752]
 [ 0.19954437]
 [ 0.19954437]
 [ 0.15226996]]

iter 62
[[ 0.1356097 ]
 [ 0.19954487]
 [ 0.11348776]
 [ 0.19954487]
 [ 0.19954487]
 [ 0.15226795]]

iter 63
[[ 0.13560944]
 [ 0.19954445]
 [ 0.11348755]
 [ 0.19954445]
 [ 0.19954445]
 [ 0.15226966]]

iter 64
[[ 0.13560965]
 [ 0.19954479]
 [ 0.11348772]
 [ 0.19954479]
 [ 0.19954479]
 [ 0.15226825]]

iter 65
[[ 0.13560947]
 [ 0.1995445 ]
 [ 0.11348758]
 [ 0.1995445 ]
 [ 0.1995445 ]
 [ 0.15226945]]

iter 66
[[ 0.13560962]
 [ 0.19954474]
 [ 0.1134877 ]
 [ 0.19954474]
 [ 0.19954474]
 [ 0.15226846]]

iter 67
[[ 0.1356095 ]
 [ 0.19954454]
 [ 0.1134876 ]
 [ 0.19954454]
 [ 0.19954454]
 [ 0.1522693 ]]

iter 68
[[ 0.1356096 ]
 [ 0.19954471]
 [ 0.11348768]
 [ 0.19954471]
 [ 0.19954471]
 [ 0.15226861]]

iter 69
[[ 0.13560951]
 [ 0.19954456]
 [ 0.11348761]
 [ 0.19954456]
 [ 0.19954456]
 [ 0.1522692 ]]

iter 70
[[ 0.13560958]
 [ 0.19954468]
 [ 0.11348767]
 [ 0.19954468]
 [ 0.19954468]
 [ 0.15226871]]

iter 71
[[ 0.13560952]
 [ 0.19954458]
 [ 0.11348762]
 [ 0.19954458]
 [ 0.19954458]
 [ 0.15226912]]

iter 72
[[ 0.13560957]
 [ 0.19954466]
 [ 0.11348766]
 [ 0.19954466]
 [ 0.19954466]
 [ 0.15226878]]

iter 73
[[ 0.13560953]
 [ 0.19954459]
 [ 0.11348762]
 [ 0.19954459]
 [ 0.19954459]
 [ 0.15226907]]

iter 74
[[ 0.13560956]
 [ 0.19954465]
 [ 0.11348765]
 [ 0.19954465]
 [ 0.19954465]
 [ 0.15226883]]

iter 75
[[ 0.13560954]
 [ 0.1995446 ]
 [ 0.11348763]
 [ 0.1995446 ]
 [ 0.1995446 ]
 [ 0.15226904]]

iter 76
[[ 0.13560956]
 [ 0.19954464]
 [ 0.11348765]
 [ 0.19954464]
 [ 0.19954464]
 [ 0.15226887]]

iter 77
[[ 0.13560954]
 [ 0.19954461]
 [ 0.11348763]
 [ 0.19954461]
 [ 0.19954461]
 [ 0.15226901]]

iter 78
[[ 0.13560956]
 [ 0.19954464]
 [ 0.11348764]
 [ 0.19954464]
 [ 0.19954464]
 [ 0.15226889]]

iter 79
[[ 0.13560954]
 [ 0.19954461]
 [ 0.11348763]
 [ 0.19954461]
 [ 0.19954461]
 [ 0.15226899]]

iter 80
[[ 0.13560955]
 [ 0.19954463]
 [ 0.11348764]
 [ 0.19954463]
 [ 0.19954463]
 [ 0.15226891]]

iter 81
[[ 0.13560954]
 [ 0.19954461]
 [ 0.11348763]
 [ 0.19954461]
 [ 0.19954461]
 [ 0.15226898]]

iter 82
[[ 0.13560955]
 [ 0.19954463]
 [ 0.11348764]
 [ 0.19954463]
 [ 0.19954463]
 [ 0.15226892]]

iter 83
[[ 0.13560954]
 [ 0.19954462]
 [ 0.11348764]
 [ 0.19954462]
 [ 0.19954462]
 [ 0.15226897]]

iter 84
[[ 0.13560955]
 [ 0.19954463]
 [ 0.11348764]
 [ 0.19954463]
 [ 0.19954463]
 [ 0.15226893]]

iter 85
[[ 0.13560955]
 [ 0.19954462]
 [ 0.11348764]
 [ 0.19954462]
 [ 0.19954462]
 [ 0.15226897]]

iter 86
[[ 0.13560955]
 [ 0.19954462]
 [ 0.11348764]
 [ 0.19954462]
 [ 0.19954462]
 [ 0.15226894]]

iter 87
[[ 0.13560955]
 [ 0.19954462]
 [ 0.11348764]
 [ 0.19954462]
 [ 0.19954462]
 [ 0.15226896]]

iter 88
[[ 0.13560955]
 [ 0.19954462]
 [ 0.11348764]
 [ 0.19954462]
 [ 0.19954462]
 [ 0.15226894]]

iter 89
[[ 0.13560955]
 [ 0.19954462]
 [ 0.11348764]
 [ 0.19954462]
 [ 0.19954462]
 [ 0.15226896]]

iter 90
[[ 0.13560955]
 [ 0.19954462]
 [ 0.11348764]
 [ 0.19954462]
 [ 0.19954462]
 [ 0.15226894]]

iter 91
[[ 0.13560955]
 [ 0.19954462]
 [ 0.11348764]
 [ 0.19954462]
 [ 0.19954462]
 [ 0.15226896]]

iter 92
[[ 0.13560955]
 [ 0.19954462]
 [ 0.11348764]
 [ 0.19954462]
 [ 0.19954462]
 [ 0.15226895]]

iter 93
[[ 0.13560955]
 [ 0.19954462]
 [ 0.11348764]
 [ 0.19954462]
 [ 0.19954462]
 [ 0.15226895]]

iter 94
[[ 0.13560955]
 [ 0.19954462]
 [ 0.11348764]
 [ 0.19954462]
 [ 0.19954462]
 [ 0.15226895]]

iter 95
[[ 0.13560955]
 [ 0.19954462]
 [ 0.11348764]
 [ 0.19954462]
 [ 0.19954462]
 [ 0.15226895]]

iter 96
[[ 0.13560955]
 [ 0.19954462]
 [ 0.11348764]
 [ 0.19954462]
 [ 0.19954462]
 [ 0.15226895]]

iter 97
[[ 0.13560955]
 [ 0.19954462]
 [ 0.11348764]
 [ 0.19954462]
 [ 0.19954462]
 [ 0.15226895]]

iter 98
[[ 0.13560955]
 [ 0.19954462]
 [ 0.11348764]
 [ 0.19954462]
 [ 0.19954462]
 [ 0.15226895]]

iter 99
[[ 0.13560955]
 [ 0.19954462]
 [ 0.11348764]
 [ 0.19954462]
 [ 0.19954462]
 [ 0.15226895]]

iter 100
[[ 0.13560955]
 [ 0.19954462]
 [ 0.11348764]
 [ 0.19954462]
 [ 0.19954462]
 [ 0.15226895]]

iter 101
[[ 0.13560955]
 [ 0.19954462]
 [ 0.11348764]
 [ 0.19954462]
 [ 0.19954462]
 [ 0.15226895]]

iter 102
[[ 0.13560955]
 [ 0.19954462]
 [ 0.11348764]
 [ 0.19954462]
 [ 0.19954462]
 [ 0.15226895]]

iter 103
[[ 0.13560955]
 [ 0.19954462]
 [ 0.11348764]
 [ 0.19954462]
 [ 0.19954462]
 [ 0.15226895]]

iter 104
[[ 0.13560955]
 [ 0.19954462]
 [ 0.11348764]
 [ 0.19954462]
 [ 0.19954462]
 [ 0.15226895]]

iter 105
[[ 0.13560955]
 [ 0.19954462]
 [ 0.11348764]
 [ 0.19954462]
 [ 0.19954462]
 [ 0.15226895]]

iter 106
[[ 0.13560955]
 [ 0.19954462]
 [ 0.11348764]
 [ 0.19954462]
 [ 0.19954462]
 [ 0.15226895]]

iter 107
[[ 0.13560955]
 [ 0.19954462]
 [ 0.11348764]
 [ 0.19954462]
 [ 0.19954462]
 [ 0.15226895]]

iter 108
[[ 0.13560955]
 [ 0.19954462]
 [ 0.11348764]
 [ 0.19954462]
 [ 0.19954462]
 [ 0.15226895]]

iter 109
[[ 0.13560955]
 [ 0.19954462]
 [ 0.11348764]
 [ 0.19954462]
 [ 0.19954462]
 [ 0.15226895]]

iter 110
[[ 0.13560955]
 [ 0.19954462]
 [ 0.11348764]
 [ 0.19954462]
 [ 0.19954462]
 [ 0.15226895]]

iter 111
[[ 0.13560955]
 [ 0.19954462]
 [ 0.11348764]
 [ 0.19954462]
 [ 0.19954462]
 [ 0.15226895]]

iter 112
[[ 0.13560955]
 [ 0.19954462]
 [ 0.11348764]
 [ 0.19954462]
 [ 0.19954462]
 [ 0.15226895]]

iter 113
[[ 0.13560955]
 [ 0.19954462]
 [ 0.11348764]
 [ 0.19954462]
 [ 0.19954462]
 [ 0.15226895]]

iter 114
[[ 0.13560955]
 [ 0.19954462]
 [ 0.11348764]
 [ 0.19954462]
 [ 0.19954462]
 [ 0.15226895]]

iter 115
[[ 0.13560955]
 [ 0.19954462]
 [ 0.11348764]
 [ 0.19954462]
 [ 0.19954462]
 [ 0.15226895]]

iter 116
[[ 0.13560955]
 [ 0.19954462]
 [ 0.11348764]
 [ 0.19954462]
 [ 0.19954462]
 [ 0.15226895]]

iter 117
[[ 0.13560955]
 [ 0.19954462]
 [ 0.11348764]
 [ 0.19954462]
 [ 0.19954462]
 [ 0.15226895]]

iter 118
[[ 0.13560955]
 [ 0.19954462]
 [ 0.11348764]
 [ 0.19954462]
 [ 0.19954462]
 [ 0.15226895]]

iter 119
[[ 0.13560955]
 [ 0.19954462]
 [ 0.11348764]
 [ 0.19954462]
 [ 0.19954462]
 [ 0.15226895]]

iter 120
[[ 0.13560955]
 [ 0.19954462]
 [ 0.11348764]
 [ 0.19954462]
 [ 0.19954462]
 [ 0.15226895]]

iter 121
[[ 0.13560955]
 [ 0.19954462]
 [ 0.11348764]
 [ 0.19954462]
 [ 0.19954462]
 [ 0.15226895]]

iter 122
[[ 0.13560955]
 [ 0.19954462]
 [ 0.11348764]
 [ 0.19954462]
 [ 0.19954462]
 [ 0.15226895]]

iter 123
[[ 0.13560955]
 [ 0.19954462]
 [ 0.11348764]
 [ 0.19954462]
 [ 0.19954462]
 [ 0.15226895]]

iter 124
[[ 0.13560955]
 [ 0.19954462]
 [ 0.11348764]
 [ 0.19954462]
 [ 0.19954462]
 [ 0.15226895]]

iter 125
[[ 0.13560955]
 [ 0.19954462]
 [ 0.11348764]
 [ 0.19954462]
 [ 0.19954462]
 [ 0.15226895]]

iter 126
[[ 0.13560955]
 [ 0.19954462]
 [ 0.11348764]
 [ 0.19954462]
 [ 0.19954462]
 [ 0.15226895]]

iter 127
[[ 0.13560955]
 [ 0.19954462]
 [ 0.11348764]
 [ 0.19954462]
 [ 0.19954462]
 [ 0.15226895]]

iter 128
[[ 0.13560955]
 [ 0.19954462]
 [ 0.11348764]
 [ 0.19954462]
 [ 0.19954462]
 [ 0.15226895]]

iter 129
[[ 0.13560955]
 [ 0.19954462]
 [ 0.11348764]
 [ 0.19954462]
 [ 0.19954462]
 [ 0.15226895]]

iter 130
[[ 0.13560955]
 [ 0.19954462]
 [ 0.11348764]
 [ 0.19954462]
 [ 0.19954462]
 [ 0.15226895]]

iter 131
[[ 0.13560955]
 [ 0.19954462]
 [ 0.11348764]
 [ 0.19954462]
 [ 0.19954462]
 [ 0.15226895]]

iter 132
[[ 0.13560955]
 [ 0.19954462]
 [ 0.11348764]
 [ 0.19954462]
 [ 0.19954462]
 [ 0.15226895]]

iter 133
[[ 0.13560955]
 [ 0.19954462]
 [ 0.11348764]
 [ 0.19954462]
 [ 0.19954462]
 [ 0.15226895]]

iter 134
[[ 0.13560955]
 [ 0.19954462]
 [ 0.11348764]
 [ 0.19954462]
 [ 0.19954462]
 [ 0.15226895]]

iter 135
[[ 0.13560955]
 [ 0.19954462]
 [ 0.11348764]
 [ 0.19954462]
 [ 0.19954462]
 [ 0.15226895]]

iter 136
[[ 0.13560955]
 [ 0.19954462]
 [ 0.11348764]
 [ 0.19954462]
 [ 0.19954462]
 [ 0.15226895]]

iter 137
[[ 0.13560955]
 [ 0.19954462]
 [ 0.11348764]
 [ 0.19954462]
 [ 0.19954462]
 [ 0.15226895]]

iter 138
[[ 0.13560955]
 [ 0.19954462]
 [ 0.11348764]
 [ 0.19954462]
 [ 0.19954462]
 [ 0.15226895]]

iter 139
[[ 0.13560955]
 [ 0.19954462]
 [ 0.11348764]
 [ 0.19954462]
 [ 0.19954462]
 [ 0.15226895]]

iter 140
[[ 0.13560955]
 [ 0.19954462]
 [ 0.11348764]
 [ 0.19954462]
 [ 0.19954462]
 [ 0.15226895]]

iter 141
[[ 0.13560955]
 [ 0.19954462]
 [ 0.11348764]
 [ 0.19954462]
 [ 0.19954462]
 [ 0.15226895]]

iter 142
[[ 0.13560955]
 [ 0.19954462]
 [ 0.11348764]
 [ 0.19954462]
 [ 0.19954462]
 [ 0.15226895]]

iter 143
[[ 0.13560955]
 [ 0.19954462]
 [ 0.11348764]
 [ 0.19954462]
 [ 0.19954462]
 [ 0.15226895]]

iter 144
[[ 0.13560955]
 [ 0.19954462]
 [ 0.11348764]
 [ 0.19954462]
 [ 0.19954462]
 [ 0.15226895]]

iter 145
[[ 0.13560955]
 [ 0.19954462]
 [ 0.11348764]
 [ 0.19954462]
 [ 0.19954462]
 [ 0.15226895]]

iter 146
[[ 0.13560955]
 [ 0.19954462]
 [ 0.11348764]
 [ 0.19954462]
 [ 0.19954462]
 [ 0.15226895]]

iter 147
[[ 0.13560955]
 [ 0.19954462]
 [ 0.11348764]
 [ 0.19954462]
 [ 0.19954462]
 [ 0.15226895]]

iter 148
[[ 0.13560955]
 [ 0.19954462]
 [ 0.11348764]
 [ 0.19954462]
 [ 0.19954462]
 [ 0.15226895]]

iter 149
[[ 0.13560955]
 [ 0.19954462]
 [ 0.11348764]
 [ 0.19954462]
 [ 0.19954462]
 [ 0.15226895]]

iter 150
[[ 0.13560955]
 [ 0.19954462]
 [ 0.11348764]
 [ 0.19954462]
 [ 0.19954462]
 [ 0.15226895]]

iter 151
[[ 0.13560955]
 [ 0.19954462]
 [ 0.11348764]
 [ 0.19954462]
 [ 0.19954462]
 [ 0.15226895]]

iter 152
[[ 0.13560955]
 [ 0.19954462]
 [ 0.11348764]
 [ 0.19954462]
 [ 0.19954462]
 [ 0.15226895]]

iter 153
[[ 0.13560955]
 [ 0.19954462]
 [ 0.11348764]
 [ 0.19954462]
 [ 0.19954462]
 [ 0.15226895]]

iter 154
[[ 0.13560955]
 [ 0.19954462]
 [ 0.11348764]
 [ 0.19954462]
 [ 0.19954462]
 [ 0.15226895]]

iter 155
[[ 0.13560955]
 [ 0.19954462]
 [ 0.11348764]
 [ 0.19954462]
 [ 0.19954462]
 [ 0.15226895]]

iter 156
[[ 0.13560955]
 [ 0.19954462]
 [ 0.11348764]
 [ 0.19954462]
 [ 0.19954462]
 [ 0.15226895]]

iter 157
[[ 0.13560955]
 [ 0.19954462]
 [ 0.11348764]
 [ 0.19954462]
 [ 0.19954462]
 [ 0.15226895]]

iter 158
[[ 0.13560955]
 [ 0.19954462]
 [ 0.11348764]
 [ 0.19954462]
 [ 0.19954462]
 [ 0.15226895]]

iter 159
[[ 0.13560955]
 [ 0.19954462]
 [ 0.11348764]
 [ 0.19954462]
 [ 0.19954462]
 [ 0.15226895]]

iter 160
[[ 0.13560955]
 [ 0.19954462]
 [ 0.11348764]
 [ 0.19954462]
 [ 0.19954462]
 [ 0.15226895]]

iter 161
[[ 0.13560955]
 [ 0.19954462]
 [ 0.11348764]
 [ 0.19954462]
 [ 0.19954462]
 [ 0.15226895]]

iter 162
[[ 0.13560955]
 [ 0.19954462]
 [ 0.11348764]
 [ 0.19954462]
 [ 0.19954462]
 [ 0.15226895]]

iter 163
[[ 0.13560955]
 [ 0.19954462]
 [ 0.11348764]
 [ 0.19954462]
 [ 0.19954462]
 [ 0.15226895]]

iter 164
[[ 0.13560955]
 [ 0.19954462]
 [ 0.11348764]
 [ 0.19954462]
 [ 0.19954462]
 [ 0.15226895]]

iter 165
[[ 0.13560955]
 [ 0.19954462]
 [ 0.11348764]
 [ 0.19954462]
 [ 0.19954462]
 [ 0.15226895]]

iter 166
[[ 0.13560955]
 [ 0.19954462]
 [ 0.11348764]
 [ 0.19954462]
 [ 0.19954462]
 [ 0.15226895]]

iter 167
[[ 0.13560955]
 [ 0.19954462]
 [ 0.11348764]
 [ 0.19954462]
 [ 0.19954462]
 [ 0.15226895]]

iter 168
[[ 0.13560955]
 [ 0.19954462]
 [ 0.11348764]
 [ 0.19954462]
 [ 0.19954462]
 [ 0.15226895]]

iter 169
[[ 0.13560955]
 [ 0.19954462]
 [ 0.11348764]
 [ 0.19954462]
 [ 0.19954462]
 [ 0.15226895]]

iter 170
[[ 0.13560955]
 [ 0.19954462]
 [ 0.11348764]
 [ 0.19954462]
 [ 0.19954462]
 [ 0.15226895]]

iter 171
[[ 0.13560955]
 [ 0.19954462]
 [ 0.11348764]
 [ 0.19954462]
 [ 0.19954462]
 [ 0.15226895]]

iter 172
[[ 0.13560955]
 [ 0.19954462]
 [ 0.11348764]
 [ 0.19954462]
 [ 0.19954462]
 [ 0.15226895]]

iter 173
[[ 0.13560955]
 [ 0.19954462]
 [ 0.11348764]
 [ 0.19954462]
 [ 0.19954462]
 [ 0.15226895]]

iter 174
[[ 0.13560955]
 [ 0.19954462]
 [ 0.11348764]
 [ 0.19954462]
 [ 0.19954462]
 [ 0.15226895]]

iter 175
[[ 0.13560955]
 [ 0.19954462]
 [ 0.11348764]
 [ 0.19954462]
 [ 0.19954462]
 [ 0.15226895]]

iter 176
[[ 0.13560955]
 [ 0.19954462]
 [ 0.11348764]
 [ 0.19954462]
 [ 0.19954462]
 [ 0.15226895]]

iter 177
[[ 0.13560955]
 [ 0.19954462]
 [ 0.11348764]
 [ 0.19954462]
 [ 0.19954462]
 [ 0.15226895]]

iter 178
[[ 0.13560955]
 [ 0.19954462]
 [ 0.11348764]
 [ 0.19954462]
 [ 0.19954462]
 [ 0.15226895]]

iter 179
[[ 0.13560955]
 [ 0.19954462]
 [ 0.11348764]
 [ 0.19954462]
 [ 0.19954462]
 [ 0.15226895]]

iter 180
[[ 0.13560955]
 [ 0.19954462]
 [ 0.11348764]
 [ 0.19954462]
 [ 0.19954462]
 [ 0.15226895]]

iter 181
[[ 0.13560955]
 [ 0.19954462]
 [ 0.11348764]
 [ 0.19954462]
 [ 0.19954462]
 [ 0.15226895]]

iter 182
[[ 0.13560955]
 [ 0.19954462]
 [ 0.11348764]
 [ 0.19954462]
 [ 0.19954462]
 [ 0.15226895]]

iter 183
[[ 0.13560955]
 [ 0.19954462]
 [ 0.11348764]
 [ 0.19954462]
 [ 0.19954462]
 [ 0.15226895]]

iter 184
[[ 0.13560955]
 [ 0.19954462]
 [ 0.11348764]
 [ 0.19954462]
 [ 0.19954462]
 [ 0.15226895]]

iter 185
[[ 0.13560955]
 [ 0.19954462]
 [ 0.11348764]
 [ 0.19954462]
 [ 0.19954462]
 [ 0.15226895]]

iter 186
[[ 0.13560955]
 [ 0.19954462]
 [ 0.11348764]
 [ 0.19954462]
 [ 0.19954462]
 [ 0.15226895]]

iter 187
[[ 0.13560955]
 [ 0.19954462]
 [ 0.11348764]
 [ 0.19954462]
 [ 0.19954462]
 [ 0.15226895]]

iter 188
[[ 0.13560955]
 [ 0.19954462]
 [ 0.11348764]
 [ 0.19954462]
 [ 0.19954462]
 [ 0.15226895]]

iter 189
[[ 0.13560955]
 [ 0.19954462]
 [ 0.11348764]
 [ 0.19954462]
 [ 0.19954462]
 [ 0.15226895]]

iter 190
[[ 0.13560955]
 [ 0.19954462]
 [ 0.11348764]
 [ 0.19954462]
 [ 0.19954462]
 [ 0.15226895]]

iter 191
[[ 0.13560955]
 [ 0.19954462]
 [ 0.11348764]
 [ 0.19954462]
 [ 0.19954462]
 [ 0.15226895]]

iter 192
[[ 0.13560955]
 [ 0.19954462]
 [ 0.11348764]
 [ 0.19954462]
 [ 0.19954462]
 [ 0.15226895]]

iter 193
[[ 0.13560955]
 [ 0.19954462]
 [ 0.11348764]
 [ 0.19954462]
 [ 0.19954462]
 [ 0.15226895]]

iter 194
[[ 0.13560955]
 [ 0.19954462]
 [ 0.11348764]
 [ 0.19954462]
 [ 0.19954462]
 [ 0.15226895]]

iter 195
[[ 0.13560955]
 [ 0.19954462]
 [ 0.11348764]
 [ 0.19954462]
 [ 0.19954462]
 [ 0.15226895]]

iter 196
[[ 0.13560955]
 [ 0.19954462]
 [ 0.11348764]
 [ 0.19954462]
 [ 0.19954462]
 [ 0.15226895]]

iter 197
[[ 0.13560955]
 [ 0.19954462]
 [ 0.11348764]
 [ 0.19954462]
 [ 0.19954462]
 [ 0.15226895]]

iter 198
[[ 0.13560955]
 [ 0.19954462]
 [ 0.11348764]
 [ 0.19954462]
 [ 0.19954462]
 [ 0.15226895]]

iter 199
[[ 0.13560955]
 [ 0.19954462]
 [ 0.11348764]
 [ 0.19954462]
 [ 0.19954462]
 [ 0.15226895]]

iter 200
[[ 0.13560955]
 [ 0.19954462]
 [ 0.11348764]
 [ 0.19954462]
 [ 0.19954462]
 [ 0.15226895]]

iter 201
[[ 0.13560955]
 [ 0.19954462]
 [ 0.11348764]
 [ 0.19954462]
 [ 0.19954462]
 [ 0.15226895]]

iter 202
[[ 0.13560955]
 [ 0.19954462]
 [ 0.11348764]
 [ 0.19954462]
 [ 0.19954462]
 [ 0.15226895]]

iter 203
[[ 0.13560955]
 [ 0.19954462]
 [ 0.11348764]
 [ 0.19954462]
 [ 0.19954462]
 [ 0.15226895]]

iter 204
[[ 0.13560955]
 [ 0.19954462]
 [ 0.11348764]
 [ 0.19954462]
 [ 0.19954462]
 [ 0.15226895]]

iter 205
[[ 0.13560955]
 [ 0.19954462]
 [ 0.11348764]
 [ 0.19954462]
 [ 0.19954462]
 [ 0.15226895]]

iter 206
[[ 0.13560955]
 [ 0.19954462]
 [ 0.11348764]
 [ 0.19954462]
 [ 0.19954462]
 [ 0.15226895]]

iter 207
[[ 0.13560955]
 [ 0.19954462]
 [ 0.11348764]
 [ 0.19954462]
 [ 0.19954462]
 [ 0.15226895]]

iter 208
[[ 0.13560955]
 [ 0.19954462]
 [ 0.11348764]
 [ 0.19954462]
 [ 0.19954462]
 [ 0.15226895]]

iter 209
[[ 0.13560955]
 [ 0.19954462]
 [ 0.11348764]
 [ 0.19954462]
 [ 0.19954462]
 [ 0.15226895]]

iter 210
[[ 0.13560955]
 [ 0.19954462]
 [ 0.11348764]
 [ 0.19954462]
 [ 0.19954462]
 [ 0.15226895]]

iter 211
[[ 0.13560955]
 [ 0.19954462]
 [ 0.11348764]
 [ 0.19954462]
 [ 0.19954462]
 [ 0.15226895]]

iter 212
[[ 0.13560955]
 [ 0.19954462]
 [ 0.11348764]
 [ 0.19954462]
 [ 0.19954462]
 [ 0.15226895]]

iter 213
[[ 0.13560955]
 [ 0.19954462]
 [ 0.11348764]
 [ 0.19954462]
 [ 0.19954462]
 [ 0.15226895]]

iter 214
[[ 0.13560955]
 [ 0.19954462]
 [ 0.11348764]
 [ 0.19954462]
 [ 0.19954462]
 [ 0.15226895]]

iter 215
[[ 0.13560955]
 [ 0.19954462]
 [ 0.11348764]
 [ 0.19954462]
 [ 0.19954462]
 [ 0.15226895]]

iter 216
[[ 0.13560955]
 [ 0.19954462]
 [ 0.11348764]
 [ 0.19954462]
 [ 0.19954462]
 [ 0.15226895]]

iter 217
[[ 0.13560955]
 [ 0.19954462]
 [ 0.11348764]
 [ 0.19954462]
 [ 0.19954462]
 [ 0.15226895]]

iter 218
[[ 0.13560955]
 [ 0.19954462]
 [ 0.11348764]
 [ 0.19954462]
 [ 0.19954462]
 [ 0.15226895]]

iter 219
[[ 0.13560955]
 [ 0.19954462]
 [ 0.11348764]
 [ 0.19954462]
 [ 0.19954462]
 [ 0.15226895]]

iter 220
[[ 0.13560955]
 [ 0.19954462]
 [ 0.11348764]
 [ 0.19954462]
 [ 0.19954462]
 [ 0.15226895]]

iter 221
[[ 0.13560955]
 [ 0.19954462]
 [ 0.11348764]
 [ 0.19954462]
 [ 0.19954462]
 [ 0.15226895]]

iter 222
[[ 0.13560955]
 [ 0.19954462]
 [ 0.11348764]
 [ 0.19954462]
 [ 0.19954462]
 [ 0.15226895]]

iter 223
[[ 0.13560955]
 [ 0.19954462]
 [ 0.11348764]
 [ 0.19954462]
 [ 0.19954462]
 [ 0.15226895]]

iter 224
[[ 0.13560955]
 [ 0.19954462]
 [ 0.11348764]
 [ 0.19954462]
 [ 0.19954462]
 [ 0.15226895]]

iter 225
[[ 0.13560955]
 [ 0.19954462]
 [ 0.11348764]
 [ 0.19954462]
 [ 0.19954462]
 [ 0.15226895]]

iter 226
[[ 0.13560955]
 [ 0.19954462]
 [ 0.11348764]
 [ 0.19954462]
 [ 0.19954462]
 [ 0.15226895]]

iter 227
[[ 0.13560955]
 [ 0.19954462]
 [ 0.11348764]
 [ 0.19954462]
 [ 0.19954462]
 [ 0.15226895]]

iter 228
[[ 0.13560955]
 [ 0.19954462]
 [ 0.11348764]
 [ 0.19954462]
 [ 0.19954462]
 [ 0.15226895]]

iter 229
[[ 0.13560955]
 [ 0.19954462]
 [ 0.11348764]
 [ 0.19954462]
 [ 0.19954462]
 [ 0.15226895]]

iter 230
[[ 0.13560955]
 [ 0.19954462]
 [ 0.11348764]
 [ 0.19954462]
 [ 0.19954462]
 [ 0.15226895]]

iter 231
[[ 0.13560955]
 [ 0.19954462]
 [ 0.11348764]
 [ 0.19954462]
 [ 0.19954462]
 [ 0.15226895]]

iter 232
[[ 0.13560955]
 [ 0.19954462]
 [ 0.11348764]
 [ 0.19954462]
 [ 0.19954462]
 [ 0.15226895]]

iter 233
[[ 0.13560955]
 [ 0.19954462]
 [ 0.11348764]
 [ 0.19954462]
 [ 0.19954462]
 [ 0.15226895]]

iter 234
[[ 0.13560955]
 [ 0.19954462]
 [ 0.11348764]
 [ 0.19954462]
 [ 0.19954462]
 [ 0.15226895]]

iter 235
[[ 0.13560955]
 [ 0.19954462]
 [ 0.11348764]
 [ 0.19954462]
 [ 0.19954462]
 [ 0.15226895]]

iter 236
[[ 0.13560955]
 [ 0.19954462]
 [ 0.11348764]
 [ 0.19954462]
 [ 0.19954462]
 [ 0.15226895]]

iter 237
[[ 0.13560955]
 [ 0.19954462]
 [ 0.11348764]
 [ 0.19954462]
 [ 0.19954462]
 [ 0.15226895]]

iter 238
[[ 0.13560955]
 [ 0.19954462]
 [ 0.11348764]
 [ 0.19954462]
 [ 0.19954462]
 [ 0.15226895]]

iter 239
[[ 0.13560955]
 [ 0.19954462]
 [ 0.11348764]
 [ 0.19954462]
 [ 0.19954462]
 [ 0.15226895]]

iter 240
[[ 0.13560955]
 [ 0.19954462]
 [ 0.11348764]
 [ 0.19954462]
 [ 0.19954462]
 [ 0.15226895]]

iter 241
[[ 0.13560955]
 [ 0.19954462]
 [ 0.11348764]
 [ 0.19954462]
 [ 0.19954462]
 [ 0.15226895]]

iter 242
[[ 0.13560955]
 [ 0.19954462]
 [ 0.11348764]
 [ 0.19954462]
 [ 0.19954462]
 [ 0.15226895]]

iter 243
[[ 0.13560955]
 [ 0.19954462]
 [ 0.11348764]
 [ 0.19954462]
 [ 0.19954462]
 [ 0.15226895]]

iter 244
[[ 0.13560955]
 [ 0.19954462]
 [ 0.11348764]
 [ 0.19954462]
 [ 0.19954462]
 [ 0.15226895]]

iter 245
[[ 0.13560955]
 [ 0.19954462]
 [ 0.11348764]
 [ 0.19954462]
 [ 0.19954462]
 [ 0.15226895]]

iter 246
[[ 0.13560955]
 [ 0.19954462]
 [ 0.11348764]
 [ 0.19954462]
 [ 0.19954462]
 [ 0.15226895]]

iter 247
[[ 0.13560955]
 [ 0.19954462]
 [ 0.11348764]
 [ 0.19954462]
 [ 0.19954462]
 [ 0.15226895]]

iter 248
[[ 0.13560955]
 [ 0.19954462]
 [ 0.11348764]
 [ 0.19954462]
 [ 0.19954462]
 [ 0.15226895]]

iter 249
[[ 0.13560955]
 [ 0.19954462]
 [ 0.11348764]
 [ 0.19954462]
 [ 0.19954462]
 [ 0.15226895]]

