iter 0
0.02 0.02 0.02 0.02 0.02 0.02 0.02 0.02 0.02 0.02
0.02 0.02 0.02 0.02 0.02 0.02 0.02 0.02 0.02 0.02
0.02 0.02 0.02 0.02 0.02 0.02 0.02 0.02 0.02 0.02
0.02 0.02 0.02 0.02 0.02 0.02 0.02 0.02 0.02 0.02
0.02 0.02 0.02 0.02 0.02 0.02 0.02 0.02 0.02 0.02

iter 1
0.033 0.033 0.018 0.033 0.033 0.033 0.033 0.018 0.033 0.033
0.011 0.026 0.011 0.026 0.026 0.011 0.026 0.011 0.026 0.026
0.011 0.026 0.011 0.026 0.026 0.011 0.026 0.011 0.026 0.026
0.011 0.026 0.011 0.026 0.026 0.011 0.026 0.011 0.026 0.026
0.01 0.01 0.01 0.01 0.01 0.011 0.01 0.01 0.01 0.01

iter 2
0.022 0.022 0.02 0.022 0.022 0.022 0.022 0.02 0.022 0.022
0.019 0.021 0.019 0.021 0.021 0.019 0.021 0.019 0.021 0.021
0.019 0.021 0.019 0.021 0.021 0.019 0.021 0.019 0.021 0.021
0.019 0.021 0.019 0.021 0.021 0.019 0.021 0.019 0.021 0.021
0.019 0.019 0.019 0.019 0.019 0.019 0.019 0.019 0.019 0.019

iter 3
0.029 0.029 0.02 0.029 0.029 0.029 0.029 0.02 0.029 0.029
0.016 0.024 0.016 0.024 0.024 0.016 0.024 0.016 0.024 0.024
0.016 0.024 0.016 0.024 0.024 0.016 0.024 0.016 0.024 0.024
0.016 0.024 0.016 0.024 0.024 0.016 0.024 0.016 0.024 0.024
0.011 0.011 0.011 0.011 0.011 0.012 0.011 0.011 0.011 0.011

iter 4
0.023 0.023 0.02 0.023 0.023 0.023 0.023 0.02 0.023 0.023
0.018 0.021 0.018 0.021 0.021 0.018 0.021 0.018 0.021 0.021
0.018 0.021 0.018 0.021 0.021 0.018 0.021 0.018 0.021 0.021
0.018 0.021 0.018 0.021 0.021 0.018 0.021 0.018 0.021 0.021
0.017 0.017 0.017 0.017 0.017 0.018 0.017 0.017 0.017 0.017

iter 5
0.026 0.026 0.021 0.026 0.026 0.026 0.026 0.021 0.026 0.026
0.017 0.023 0.017 0.023 0.023 0.017 0.023 0.017 0.023 0.023
0.017 0.023 0.017 0.023 0.023 0.017 0.023 0.017 0.023 0.023
0.017 0.023 0.017 0.023 0.023 0.017 0.023 0.017 0.023 0.023
0.012 0.012 0.012 0.012 0.012 0.014 0.012 0.012 0.012 0.012

iter 6
0.023 0.023 0.02 0.023 0.023 0.023 0.023 0.02 0.023 0.023
0.018 0.022 0.018 0.022 0.022 0.018 0.022 0.018 0.022 0.022
0.018 0.022 0.018 0.022 0.022 0.018 0.022 0.018 0.022 0.022
0.018 0.022 0.018 0.022 0.022 0.018 0.022 0.018 0.022 0.022
0.017 0.017 0.017 0.017 0.017 0.017 0.017 0.017 0.017 0.017

iter 7
0.025 0.025 0.021 0.025 0.025 0.025 0.025 0.021 0.025 0.025
0.018 0.023 0.018 0.023 0.023 0.018 0.023 0.018 0.023 0.023
0.018 0.023 0.018 0.023 0.023 0.018 0.023 0.018 0.023 0.023
0.018 0.023 0.018 0.023 0.023 0.018 0.023 0.018 0.023 0.023
0.013 0.013 0.013 0.013 0.013 0.015 0.013 0.013 0.013 0.013

iter 8
0.024 0.024 0.02 0.024 0.024 0.024 0.024 0.02 0.024 0.024
0.018 0.022 0.018 0.022 0.022 0.018 0.022 0.018 0.022 0.022
0.018 0.022 0.018 0.022 0.022 0.018 0.022 0.018 0.022 0.022
0.018 0.022 0.018 0.022 0.022 0.018 0.022 0.018 0.022 0.022
0.016 0.016 0.016 0.016 0.016 0.017 0.016 0.016 0.016 0.016

iter 9
0.025 0.025 0.021 0.025 0.025 0.025 0.025 0.021 0.025 0.025
0.018 0.022 0.018 0.022 0.022 0.018 0.022 0.018 0.022 0.022
0.018 0.022 0.018 0.022 0.022 0.018 0.022 0.018 0.022 0.022
0.018 0.022 0.018 0.022 0.022 0.018 0.022 0.018 0.022 0.022
0.014 0.014 0.014 0.014 0.014 0.015 0.014 0.014 0.014 0.014

iter 10
0.024 0.024 0.02 0.024 0.024 0.024 0.024 0.02 0.024 0.024
0.018 0.022 0.018 0.022 0.022 0.018 0.022 0.018 0.022 0.022
0.018 0.022 0.018 0.022 0.022 0.018 0.022 0.018 0.022 0.022
0.018 0.022 0.018 0.022 0.022 0.018 0.022 0.018 0.022 0.022
0.016 0.016 0.016 0.016 0.016 0.017 0.016 0.016 0.016 0.016

iter 11
0.025 0.025 0.02 0.025 0.025 0.025 0.025 0.02 0.025 0.025
0.018 0.022 0.018 0.022 0.022 0.018 0.022 0.018 0.022 0.022
0.018 0.022 0.018 0.022 0.022 0.018 0.022 0.018 0.022 0.022
0.018 0.022 0.018 0.022 0.022 0.018 0.022 0.018 0.022 0.022
0.014 0.014 0.014 0.014 0.014 0.016 0.014 0.014 0.014 0.014

iter 12
0.024 0.024 0.02 0.024 0.024 0.024 0.024 0.02 0.024 0.024
0.018 0.022 0.018 0.022 0.022 0.018 0.022 0.018 0.022 0.022
0.018 0.022 0.018 0.022 0.022 0.018 0.022 0.018 0.022 0.022
0.018 0.022 0.018 0.022 0.022 0.018 0.022 0.018 0.022 0.022
0.015 0.015 0.015 0.015 0.015 0.016 0.015 0.015 0.015 0.015

iter 13
0.024 0.024 0.02 0.024 0.024 0.024 0.024 0.02 0.024 0.024
0.018 0.022 0.018 0.022 0.022 0.018 0.022 0.018 0.022 0.022
0.018 0.022 0.018 0.022 0.022 0.018 0.022 0.018 0.022 0.022
0.018 0.022 0.018 0.022 0.022 0.018 0.022 0.018 0.022 0.022
0.014 0.014 0.014 0.014 0.014 0.016 0.014 0.014 0.014 0.014

iter 14
0.024 0.024 0.02 0.024 0.024 0.024 0.024 0.02 0.024 0.024
0.018 0.022 0.018 0.022 0.022 0.018 0.022 0.018 0.022 0.022
0.018 0.022 0.018 0.022 0.022 0.018 0.022 0.018 0.022 0.022
0.018 0.022 0.018 0.022 0.022 0.018 0.022 0.018 0.022 0.022
0.015 0.015 0.015 0.015 0.015 0.016 0.015 0.015 0.015 0.015

iter 15
0.024 0.024 0.02 0.024 0.024 0.024 0.024 0.02 0.024 0.024
0.018 0.022 0.018 0.022 0.022 0.018 0.022 0.018 0.022 0.022
0.018 0.022 0.018 0.022 0.022 0.018 0.022 0.018 0.022 0.022
0.018 0.022 0.018 0.022 0.022 0.018 0.022 0.018 0.022 0.022
0.014 0.014 0.014 0.014 0.014 0.016 0.014 0.014 0.014 0.014

iter 16
0.024 0.024 0.02 0.024 0.024 0.024 0.024 0.02 0.024 0.024
0.018 0.022 0.018 0.022 0.022 0.018 0.022 0.018 0.022 0.022
0.018 0.022 0.018 0.022 0.022 0.018 0.022 0.018 0.022 0.022
0.018 0.022 0.018 0.022 0.022 0.018 0.022 0.018 0.022 0.022
0.015 0.015 0.015 0.015 0.015 0.016 0.015 0.015 0.015 0.015

iter 17
0.024 0.024 0.02 0.024 0.024 0.024 0.024 0.02 0.024 0.024
0.018 0.022 0.018 0.022 0.022 0.018 0.022 0.018 0.022 0.022
0.018 0.022 0.018 0.022 0.022 0.018 0.022 0.018 0.022 0.022
0.018 0.022 0.018 0.022 0.022 0.018 0.022 0.018 0.022 0.022
0.015 0.015 0.015 0.015 0.015 0.016 0.015 0.015 0.015 0.015

iter 18
0.024 0.024 0.02 0.024 0.024 0.024 0.024 0.02 0.024 0.024
0.018 0.022 0.018 0.022 0.022 0.018 0.022 0.018 0.022 0.022
0.018 0.022 0.018 0.022 0.022 0.018 0.022 0.018 0.022 0.022
0.018 0.022 0.018 0.022 0.022 0.018 0.022 0.018 0.022 0.022
0.015 0.015 0.015 0.015 0.015 0.016 0.015 0.015 0.015 0.015

iter 19
0.024 0.024 0.02 0.024 0.024 0.024 0.024 0.02 0.024 0.024
0.018 0.022 0.018 0.022 0.022 0.018 0.022 0.018 0.022 0.022
0.018 0.022 0.018 0.022 0.022 0.018 0.022 0.018 0.022 0.022
0.018 0.022 0.018 0.022 0.022 0.018 0.022 0.018 0.022 0.022
0.015 0.015 0.015 0.015 0.015 0.016 0.015 0.015 0.015 0.015

iter 20
0.024 0.024 0.02 0.024 0.024 0.024 0.024 0.02 0.024 0.024
0.018 0.022 0.018 0.022 0.022 0.018 0.022 0.018 0.022 0.022
0.018 0.022 0.018 0.022 0.022 0.018 0.022 0.018 0.022 0.022
0.018 0.022 0.018 0.022 0.022 0.018 0.022 0.018 0.022 0.022
0.015 0.015 0.015 0.015 0.015 0.016 0.015 0.015 0.015 0.015

iter 21
0.024 0.024 0.02 0.024 0.024 0.024 0.024 0.02 0.024 0.024
0.018 0.022 0.018 0.022 0.022 0.018 0.022 0.018 0.022 0.022
0.018 0.022 0.018 0.022 0.022 0.018 0.022 0.018 0.022 0.022
0.018 0.022 0.018 0.022 0.022 0.018 0.022 0.018 0.022 0.022
0.015 0.015 0.015 0.015 0.015 0.016 0.015 0.015 0.015 0.015

iter 22
0.024 0.024 0.02 0.024 0.024 0.024 0.024 0.02 0.024 0.024
0.018 0.022 0.018 0.022 0.022 0.018 0.022 0.018 0.022 0.022
0.018 0.022 0.018 0.022 0.022 0.018 0.022 0.018 0.022 0.022
0.018 0.022 0.018 0.022 0.022 0.018 0.022 0.018 0.022 0.022
0.015 0.015 0.015 0.015 0.015 0.016 0.015 0.015 0.015 0.015

iter 23
0.024 0.024 0.02 0.024 0.024 0.024 0.024 0.02 0.024 0.024
0.018 0.022 0.018 0.022 0.022 0.018 0.022 0.018 0.022 0.022
0.018 0.022 0.018 0.022 0.022 0.018 0.022 0.018 0.022 0.022
0.018 0.022 0.018 0.022 0.022 0.018 0.022 0.018 0.022 0.022
0.015 0.015 0.015 0.015 0.015 0.016 0.015 0.015 0.015 0.015

iter 24
0.024 0.024 0.02 0.024 0.024 0.024 0.024 0.02 0.024 0.024
0.018 0.022 0.018 0.022 0.022 0.018 0.022 0.018 0.022 0.022
0.018 0.022 0.018 0.022 0.022 0.018 0.022 0.018 0.022 0.022
0.018 0.022 0.018 0.022 0.022 0.018 0.022 0.018 0.022 0.022
0.015 0.015 0.015 0.015 0.015 0.016 0.015 0.015 0.015 0.015

iter 25
0.024 0.024 0.02 0.024 0.024 0.024 0.024 0.02 0.024 0.024
0.018 0.022 0.018 0.022 0.022 0.018 0.022 0.018 0.022 0.022
0.018 0.022 0.018 0.022 0.022 0.018 0.022 0.018 0.022 0.022
0.018 0.022 0.018 0.022 0.022 0.018 0.022 0.018 0.022 0.022
0.015 0.015 0.015 0.015 0.015 0.016 0.015 0.015 0.015 0.015

iter 26
0.024 0.024 0.02 0.024 0.024 0.024 0.024 0.02 0.024 0.024
0.018 0.022 0.018 0.022 0.022 0.018 0.022 0.018 0.022 0.022
0.018 0.022 0.018 0.022 0.022 0.018 0.022 0.018 0.022 0.022
0.018 0.022 0.018 0.022 0.022 0.018 0.022 0.018 0.022 0.022
0.015 0.015 0.015 0.015 0.015 0.016 0.015 0.015 0.015 0.015

iter 27
0.024 0.024 0.02 0.024 0.024 0.024 0.024 0.02 0.024 0.024
0.018 0.022 0.018 0.022 0.022 0.018 0.022 0.018 0.022 0.022
0.018 0.022 0.018 0.022 0.022 0.018 0.022 0.018 0.022 0.022
0.018 0.022 0.018 0.022 0.022 0.018 0.022 0.018 0.022 0.022
0.015 0.015 0.015 0.015 0.015 0.016 0.015 0.015 0.015 0.015

iter 28
0.024 0.024 0.02 0.024 0.024 0.024 0.024 0.02 0.024 0.024
0.018 0.022 0.018 0.022 0.022 0.018 0.022 0.018 0.022 0.022
0.018 0.022 0.018 0.022 0.022 0.018 0.022 0.018 0.022 0.022
0.018 0.022 0.018 0.022 0.022 0.018 0.022 0.018 0.022 0.022
0.015 0.015 0.015 0.015 0.015 0.016 0.015 0.015 0.015 0.015

iter 29
0.024 0.024 0.02 0.024 0.024 0.024 0.024 0.02 0.024 0.024
0.018 0.022 0.018 0.022 0.022 0.018 0.022 0.018 0.022 0.022
0.018 0.022 0.018 0.022 0.022 0.018 0.022 0.018 0.022 0.022
0.018 0.022 0.018 0.022 0.022 0.018 0.022 0.018 0.022 0.022
0.015 0.015 0.015 0.015 0.015 0.016 0.015 0.015 0.015 0.015

iter 30
0.024 0.024 0.02 0.024 0.024 0.024 0.024 0.02 0.024 0.024
0.018 0.022 0.018 0.022 0.022 0.018 0.022 0.018 0.022 0.022
0.018 0.022 0.018 0.022 0.022 0.018 0.022 0.018 0.022 0.022
0.018 0.022 0.018 0.022 0.022 0.018 0.022 0.018 0.022 0.022
0.015 0.015 0.015 0.015 0.015 0.016 0.015 0.015 0.015 0.015

iter 31
0.024 0.024 0.02 0.024 0.024 0.024 0.024 0.02 0.024 0.024
0.018 0.022 0.018 0.022 0.022 0.018 0.022 0.018 0.022 0.022
0.018 0.022 0.018 0.022 0.022 0.018 0.022 0.018 0.022 0.022
0.018 0.022 0.018 0.022 0.022 0.018 0.022 0.018 0.022 0.022
0.015 0.015 0.015 0.015 0.015 0.016 0.015 0.015 0.015 0.015

iter 32
0.024 0.024 0.02 0.024 0.024 0.024 0.024 0.02 0.024 0.024
0.018 0.022 0.018 0.022 0.022 0.018 0.022 0.018 0.022 0.022
0.018 0.022 0.018 0.022 0.022 0.018 0.022 0.018 0.022 0.022
0.018 0.022 0.018 0.022 0.022 0.018 0.022 0.018 0.022 0.022
0.015 0.015 0.015 0.015 0.015 0.016 0.015 0.015 0.015 0.015

iter 33
0.024 0.024 0.02 0.024 0.024 0.024 0.024 0.02 0.024 0.024
0.018 0.022 0.018 0.022 0.022 0.018 0.022 0.018 0.022 0.022
0.018 0.022 0.018 0.022 0.022 0.018 0.022 0.018 0.022 0.022
0.018 0.022 0.018 0.022 0.022 0.018 0.022 0.018 0.022 0.022
0.015 0.015 0.015 0.015 0.015 0.016 0.015 0.015 0.015 0.015

iter 34
0.024 0.024 0.02 0.024 0.024 0.024 0.024 0.02 0.024 0.024
0.018 0.022 0.018 0.022 0.022 0.018 0.022 0.018 0.022 0.022
0.018 0.022 0.018 0.022 0.022 0.018 0.022 0.018 0.022 0.022
0.018 0.022 0.018 0.022 0.022 0.018 0.022 0.018 0.022 0.022
0.015 0.015 0.015 0.015 0.015 0.016 0.015 0.015 0.015 0.015

iter 35
0.024 0.024 0.02 0.024 0.024 0.024 0.024 0.02 0.024 0.024
0.018 0.022 0.018 0.022 0.022 0.018 0.022 0.018 0.022 0.022
0.018 0.022 0.018 0.022 0.022 0.018 0.022 0.018 0.022 0.022
0.018 0.022 0.018 0.022 0.022 0.018 0.022 0.018 0.022 0.022
0.015 0.015 0.015 0.015 0.015 0.016 0.015 0.015 0.015 0.015

iter 36
0.024 0.024 0.02 0.024 0.024 0.024 0.024 0.02 0.024 0.024
0.018 0.022 0.018 0.022 0.022 0.018 0.022 0.018 0.022 0.022
0.018 0.022 0.018 0.022 0.022 0.018 0.022 0.018 0.022 0.022
0.018 0.022 0.018 0.022 0.022 0.018 0.022 0.018 0.022 0.022
0.015 0.015 0.015 0.015 0.015 0.016 0.015 0.015 0.015 0.015

iter 37
0.024 0.024 0.02 0.024 0.024 0.024 0.024 0.02 0.024 0.024
0.018 0.022 0.018 0.022 0.022 0.018 0.022 0.018 0.022 0.022
0.018 0.022 0.018 0.022 0.022 0.018 0.022 0.018 0.022 0.022
0.018 0.022 0.018 0.022 0.022 0.018 0.022 0.018 0.022 0.022
0.015 0.015 0.015 0.015 0.015 0.016 0.015 0.015 0.015 0.015

iter 38
0.024 0.024 0.02 0.024 0.024 0.024 0.024 0.02 0.024 0.024
0.018 0.022 0.018 0.022 0.022 0.018 0.022 0.018 0.022 0.022
0.018 0.022 0.018 0.022 0.022 0.018 0.022 0.018 0.022 0.022
0.018 0.022 0.018 0.022 0.022 0.018 0.022 0.018 0.022 0.022
0.015 0.015 0.015 0.015 0.015 0.016 0.015 0.015 0.015 0.015

iter 39
0.024 0.024 0.02 0.024 0.024 0.024 0.024 0.02 0.024 0.024
0.018 0.022 0.018 0.022 0.022 0.018 0.022 0.018 0.022 0.022
0.018 0.022 0.018 0.022 0.022 0.018 0.022 0.018 0.022 0.022
0.018 0.022 0.018 0.022 0.022 0.018 0.022 0.018 0.022 0.022
0.015 0.015 0.015 0.015 0.015 0.016 0.015 0.015 0.015 0.015

iter 40
0.024 0.024 0.02 0.024 0.024 0.024 0.024 0.02 0.024 0.024
0.018 0.022 0.018 0.022 0.022 0.018 0.022 0.018 0.022 0.022
0.018 0.022 0.018 0.022 0.022 0.018 0.022 0.018 0.022 0.022
0.018 0.022 0.018 0.022 0.022 0.018 0.022 0.018 0.022 0.022
0.015 0.015 0.015 0.015 0.015 0.016 0.015 0.015 0.015 0.015

iter 41
0.024 0.024 0.02 0.024 0.024 0.024 0.024 0.02 0.024 0.024
0.018 0.022 0.018 0.022 0.022 0.018 0.022 0.018 0.022 0.022
0.018 0.022 0.018 0.022 0.022 0.018 0.022 0.018 0.022 0.022
0.018 0.022 0.018 0.022 0.022 0.018 0.022 0.018 0.022 0.022
0.015 0.015 0.015 0.015 0.015 0.016 0.015 0.015 0.015 0.015

iter 42
0.024 0.024 0.02 0.024 0.024 0.024 0.024 0.02 0.024 0.024
0.018 0.022 0.018 0.022 0.022 0.018 0.022 0.018 0.022 0.022
0.018 0.022 0.018 0.022 0.022 0.018 0.022 0.018 0.022 0.022
0.018 0.022 0.018 0.022 0.022 0.018 0.022 0.018 0.022 0.022
0.015 0.015 0.015 0.015 0.015 0.016 0.015 0.015 0.015 0.015

iter 43
0.024 0.024 0.02 0.024 0.024 0.024 0.024 0.02 0.024 0.024
0.018 0.022 0.018 0.022 0.022 0.018 0.022 0.018 0.022 0.022
0.018 0.022 0.018 0.022 0.022 0.018 0.022 0.018 0.022 0.022
0.018 0.022 0.018 0.022 0.022 0.018 0.022 0.018 0.022 0.022
0.015 0.015 0.015 0.015 0.015 0.016 0.015 0.015 0.015 0.015

iter 44
0.024 0.024 0.02 0.024 0.024 0.024 0.024 0.02 0.024 0.024
0.018 0.022 0.018 0.022 0.022 0.018 0.022 0.018 0.022 0.022
0.018 0.022 0.018 0.022 0.022 0.018 0.022 0.018 0.022 0.022
0.018 0.022 0.018 0.022 0.022 0.018 0.022 0.018 0.022 0.022
0.015 0.015 0.015 0.015 0.015 0.016 0.015 0.015 0.015 0.015

iter 45
0.024 0.024 0.02 0.024 0.024 0.024 0.024 0.02 0.024 0.024
0.018 0.022 0.018 0.022 0.022 0.018 0.022 0.018 0.022 0.022
0.018 0.022 0.018 0.022 0.022 0.018 0.022 0.018 0.022 0.022
0.018 0.022 0.018 0.022 0.022 0.018 0.022 0.018 0.022 0.022
0.015 0.015 0.015 0.015 0.015 0.016 0.015 0.015 0.015 0.015

iter 46
0.024 0.024 0.02 0.024 0.024 0.024 0.024 0.02 0.024 0.024
0.018 0.022 0.018 0.022 0.022 0.018 0.022 0.018 0.022 0.022
0.018 0.022 0.018 0.022 0.022 0.018 0.022 0.018 0.022 0.022
0.018 0.022 0.018 0.022 0.022 0.018 0.022 0.018 0.022 0.022
0.015 0.015 0.015 0.015 0.015 0.016 0.015 0.015 0.015 0.015

iter 47
0.024 0.024 0.02 0.024 0.024 0.024 0.024 0.02 0.024 0.024
0.018 0.022 0.018 0.022 0.022 0.018 0.022 0.018 0.022 0.022
0.018 0.022 0.018 0.022 0.022 0.018 0.022 0.018 0.022 0.022
0.018 0.022 0.018 0.022 0.022 0.018 0.022 0.018 0.022 0.022
0.015 0.015 0.015 0.015 0.015 0.016 0.015 0.015 0.015 0.015

iter 48
0.024 0.024 0.02 0.024 0.024 0.024 0.024 0.02 0.024 0.024
0.018 0.022 0.018 0.022 0.022 0.018 0.022 0.018 0.022 0.022
0.018 0.022 0.018 0.022 0.022 0.018 0.022 0.018 0.022 0.022
0.018 0.022 0.018 0.022 0.022 0.018 0.022 0.018 0.022 0.022
0.015 0.015 0.015 0.015 0.015 0.016 0.015 0.015 0.015 0.015

iter 49
0.024 0.024 0.02 0.024 0.024 0.024 0.024 0.02 0.024 0.024
0.018 0.022 0.018 0.022 0.022 0.018 0.022 0.018 0.022 0.022
0.018 0.022 0.018 0.022 0.022 0.018 0.022 0.018 0.022 0.022
0.018 0.022 0.018 0.022 0.022 0.018 0.022 0.018 0.022 0.022
0.015 0.015 0.015 0.015 0.015 0.016 0.015 0.015 0.015 0.015

iter 50
0.024 0.024 0.02 0.024 0.024 0.024 0.024 0.02 0.024 0.024
0.018 0.022 0.018 0.022 0.022 0.018 0.022 0.018 0.022 0.022
0.018 0.022 0.018 0.022 0.022 0.018 0.022 0.018 0.022 0.022
0.018 0.022 0.018 0.022 0.022 0.018 0.022 0.018 0.022 0.022
0.015 0.015 0.015 0.015 0.015 0.016 0.015 0.015 0.015 0.015

iter 51
0.024 0.024 0.02 0.024 0.024 0.024 0.024 0.02 0.024 0.024
0.018 0.022 0.018 0.022 0.022 0.018 0.022 0.018 0.022 0.022
0.018 0.022 0.018 0.022 0.022 0.018 0.022 0.018 0.022 0.022
0.018 0.022 0.018 0.022 0.022 0.018 0.022 0.018 0.022 0.022
0.015 0.015 0.015 0.015 0.015 0.016 0.015 0.015 0.015 0.015

iter 52
0.024 0.024 0.02 0.024 0.024 0.024 0.024 0.02 0.024 0.024
0.018 0.022 0.018 0.022 0.022 0.018 0.022 0.018 0.022 0.022
0.018 0.022 0.018 0.022 0.022 0.018 0.022 0.018 0.022 0.022
0.018 0.022 0.018 0.022 0.022 0.018 0.022 0.018 0.022 0.022
0.015 0.015 0.015 0.015 0.015 0.016 0.015 0.015 0.015 0.015

iter 53
0.024 0.024 0.02 0.024 0.024 0.024 0.024 0.02 0.024 0.024
0.018 0.022 0.018 0.022 0.022 0.018 0.022 0.018 0.022 0.022
0.018 0.022 0.018 0.022 0.022 0.018 0.022 0.018 0.022 0.022
0.018 0.022 0.018 0.022 0.022 0.018 0.022 0.018 0.022 0.022
0.015 0.015 0.015 0.015 0.015 0.016 0.015 0.015 0.015 0.015

iter 54
0.024 0.024 0.02 0.024 0.024 0.024 0.024 0.02 0.024 0.024
0.018 0.022 0.018 0.022 0.022 0.018 0.022 0.018 0.022 0.022
0.018 0.022 0.018 0.022 0.022 0.018 0.022 0.018 0.022 0.022
0.018 0.022 0.018 0.022 0.022 0.018 0.022 0.018 0.022 0.022
0.015 0.015 0.015 0.015 0.015 0.016 0.015 0.015 0.015 0.015

iter 55
0.024 0.024 0.02 0.024 0.024 0.024 0.024 0.02 0.024 0.024
0.018 0.022 0.018 0.022 0.022 0.018 0.022 0.018 0.022 0.022
0.018 0.022 0.018 0.022 0.022 0.018 0.022 0.018 0.022 0.022
0.018 0.022 0.018 0.022 0.022 0.018 0.022 0.018 0.022 0.022
0.015 0.015 0.015 0.015 0.015 0.016 0.015 0.015 0.015 0.015

iter 56
0.024 0.024 0.02 0.024 0.024 0.024 0.024 0.02 0.024 0.024
0.018 0.022 0.018 0.022 0.022 0.018 0.022 0.018 0.022 0.022
0.018 0.022 0.018 0.022 0.022 0.018 0.022 0.018 0.022 0.022
0.018 0.022 0.018 0.022 0.022 0.018 0.022 0.018 0.022 0.022
0.015 0.015 0.015 0.015 0.015 0.016 0.015 0.015 0.015 0.015

iter 57
0.024 0.024 0.02 0.024 0.024 0.024 0.024 0.02 0.024 0.024
0.018 0.022 0.018 0.022 0.022 0.018 0.022 0.018 0.022 0.022
0.018 0.022 0.018 0.022 0.022 0.018 0.022 0.018 0.022 0.022
0.018 0.022 0.018 0.022 0.022 0.018 0.022 0.018 0.022 0.022
0.015 0.015 0.015 0.015 0.015 0.016 0.015 0.015 0.015 0.015

iter 58
0.024 0.024 0.02 0.024 0.024 0.024 0.024 0.02 0.024 0.024
0.018 0.022 0.018 0.022 0.022 0.018 0.022 0.018 0.022 0.022
0.018 0.022 0.018 0.022 0.022 0.018 0.022 0.018 0.022 0.022
0.018 0.022 0.018 0.022 0.022 0.018 0.022 0.018 0.022 0.022
0.015 0.015 0.015 0.015 0.015 0.016 0.015 0.015 0.015 0.015

iter 59
0.024 0.024 0.02 0.024 0.024 0.024 0.024 0.02 0.024 0.024
0.018 0.022 0.018 0.022 0.022 0.018 0.022 0.018 0.022 0.022
0.018 0.022 0.018 0.022 0.022 0.018 0.022 0.018 0.022 0.022
0.018 0.022 0.018 0.022 0.022 0.018 0.022 0.018 0.022 0.022
0.015 0.015 0.015 0.015 0.015 0.016 0.015 0.015 0.015 0.015

iter 60
0.024 0.024 0.02 0.024 0.024 0.024 0.024 0.02 0.024 0.024
0.018 0.022 0.018 0.022 0.022 0.018 0.022 0.018 0.022 0.022
0.018 0.022 0.018 0.022 0.022 0.018 0.022 0.018 0.022 0.022
0.018 0.022 0.018 0.022 0.022 0.018 0.022 0.018 0.022 0.022
0.015 0.015 0.015 0.015 0.015 0.016 0.015 0.015 0.015 0.015

iter 61
0.024 0.024 0.02 0.024 0.024 0.024 0.024 0.02 0.024 0.024
0.018 0.022 0.018 0.022 0.022 0.018 0.022 0.018 0.022 0.022
0.018 0.022 0.018 0.022 0.022 0.018 0.022 0.018 0.022 0.022
0.018 0.022 0.018 0.022 0.022 0.018 0.022 0.018 0.022 0.022
0.015 0.015 0.015 0.015 0.015 0.016 0.015 0.015 0.015 0.015

iter 62
0.024 0.024 0.02 0.024 0.024 0.024 0.024 0.02 0.024 0.024
0.018 0.022 0.018 0.022 0.022 0.018 0.022 0.018 0.022 0.022
0.018 0.022 0.018 0.022 0.022 0.018 0.022 0.018 0.022 0.022
0.018 0.022 0.018 0.022 0.022 0.018 0.022 0.018 0.022 0.022
0.015 0.015 0.015 0.015 0.015 0.016 0.015 0.015 0.015 0.015

iter 63
0.024 0.024 0.02 0.024 0.024 0.024 0.024 0.02 0.024 0.024
0.018 0.022 0.018 0.022 0.022 0.018 0.022 0.018 0.022 0.022
0.018 0.022 0.018 0.022 0.022 0.018 0.022 0.018 0.022 0.022
0.018 0.022 0.018 0.022 0.022 0.018 0.022 0.018 0.022 0.022
0.015 0.015 0.015 0.015 0.015 0.016 0.015 0.015 0.015 0.015

iter 64
0.024 0.024 0.02 0.024 0.024 0.024 0.024 0.02 0.024 0.024
0.018 0.022 0.018 0.022 0.022 0.018 0.022 0.018 0.022 0.022
0.018 0.022 0.018 0.022 0.022 0.018 0.022 0.018 0.022 0.022
0.018 0.022 0.018 0.022 0.022 0.018 0.022 0.018 0.022 0.022
0.015 0.015 0.015 0.015 0.015 0.016 0.015 0.015 0.015 0.015

iter 65
0.024 0.024 0.02 0.024 0.024 0.024 0.024 0.02 0.024 0.024
0.018 0.022 0.018 0.022 0.022 0.018 0.022 0.018 0.022 0.022
0.018 0.022 0.018 0.022 0.022 0.018 0.022 0.018 0.022 0.022
0.018 0.022 0.018 0.022 0.022 0.018 0.022 0.018 0.022 0.022
0.015 0.015 0.015 0.015 0.015 0.016 0.015 0.015 0.015 0.015

iter 66
0.024 0.024 0.02 0.024 0.024 0.024 0.024 0.02 0.024 0.024
0.018 0.022 0.018 0.022 0.022 0.018 0.022 0.018 0.022 0.022
0.018 0.022 0.018 0.022 0.022 0.018 0.022 0.018 0.022 0.022
0.018 0.022 0.018 0.022 0.022 0.018 0.022 0.018 0.022 0.022
0.015 0.015 0.015 0.015 0.015 0.016 0.015 0.015 0.015 0.015

iter 67
0.024 0.024 0.02 0.024 0.024 0.024 0.024 0.02 0.024 0.024
0.018 0.022 0.018 0.022 0.022 0.018 0.022 0.018 0.022 0.022
0.018 0.022 0.018 0.022 0.022 0.018 0.022 0.018 0.022 0.022
0.018 0.022 0.018 0.022 0.022 0.018 0.022 0.018 0.022 0.022
0.015 0.015 0.015 0.015 0.015 0.016 0.015 0.015 0.015 0.015

iter 68
0.024 0.024 0.02 0.024 0.024 0.024 0.024 0.02 0.024 0.024
0.018 0.022 0.018 0.022 0.022 0.018 0.022 0.018 0.022 0.022
0.018 0.022 0.018 0.022 0.022 0.018 0.022 0.018 0.022 0.022
0.018 0.022 0.018 0.022 0.022 0.018 0.022 0.018 0.022 0.022
0.015 0.015 0.015 0.015 0.015 0.016 0.015 0.015 0.015 0.015

iter 69
0.024 0.024 0.02 0.024 0.024 0.024 0.024 0.02 0.024 0.024
0.018 0.022 0.018 0.022 0.022 0.018 0.022 0.018 0.022 0.022
0.018 0.022 0.018 0.022 0.022 0.018 0.022 0.018 0.022 0.022
0.018 0.022 0.018 0.022 0.022 0.018 0.022 0.018 0.022 0.022
0.015 0.015 0.015 0.015 0.015 0.016 0.015 0.015 0.015 0.015

iter 70
0.024 0.024 0.02 0.024 0.024 0.024 0.024 0.02 0.024 0.024
0.018 0.022 0.018 0.022 0.022 0.018 0.022 0.018 0.022 0.022
0.018 0.022 0.018 0.022 0.022 0.018 0.022 0.018 0.022 0.022
0.018 0.022 0.018 0.022 0.022 0.018 0.022 0.018 0.022 0.022
0.015 0.015 0.015 0.015 0.015 0.016 0.015 0.015 0.015 0.015

iter 71
0.024 0.024 0.02 0.024 0.024 0.024 0.024 0.02 0.024 0.024
0.018 0.022 0.018 0.022 0.022 0.018 0.022 0.018 0.022 0.022
0.018 0.022 0.018 0.022 0.022 0.018 0.022 0.018 0.022 0.022
0.018 0.022 0.018 0.022 0.022 0.018 0.022 0.018 0.022 0.022
0.015 0.015 0.015 0.015 0.015 0.016 0.015 0.015 0.015 0.015

iter 72
0.024 0.024 0.02 0.024 0.024 0.024 0.024 0.02 0.024 0.024
0.018 0.022 0.018 0.022 0.022 0.018 0.022 0.018 0.022 0.022
0.018 0.022 0.018 0.022 0.022 0.018 0.022 0.018 0.022 0.022
0.018 0.022 0.018 0.022 0.022 0.018 0.022 0.018 0.022 0.022
0.015 0.015 0.015 0.015 0.015 0.016 0.015 0.015 0.015 0.015

iter 73
0.024 0.024 0.02 0.024 0.024 0.024 0.024 0.02 0.024 0.024
0.018 0.022 0.018 0.022 0.022 0.018 0.022 0.018 0.022 0.022
0.018 0.022 0.018 0.022 0.022 0.018 0.022 0.018 0.022 0.022
0.018 0.022 0.018 0.022 0.022 0.018 0.022 0.018 0.022 0.022
0.015 0.015 0.015 0.015 0.015 0.016 0.015 0.015 0.015 0.015

iter 74
0.024 0.024 0.02 0.024 0.024 0.024 0.024 0.02 0.024 0.024
0.018 0.022 0.018 0.022 0.022 0.018 0.022 0.018 0.022 0.022
0.018 0.022 0.018 0.022 0.022 0.018 0.022 0.018 0.022 0.022
0.018 0.022 0.018 0.022 0.022 0.018 0.022 0.018 0.022 0.022
0.015 0.015 0.015 0.015 0.015 0.016 0.015 0.015 0.015 0.015

iter 75
0.024 0.024 0.02 0.024 0.024 0.024 0.024 0.02 0.024 0.024
0.018 0.022 0.018 0.022 0.022 0.018 0.022 0.018 0.022 0.022
0.018 0.022 0.018 0.022 0.022 0.018 0.022 0.018 0.022 0.022
0.018 0.022 0.018 0.022 0.022 0.018 0.022 0.018 0.022 0.022
0.015 0.015 0.015 0.015 0.015 0.016 0.015 0.015 0.015 0.015

iter 76
0.024 0.024 0.02 0.024 0.024 0.024 0.024 0.02 0.024 0.024
0.018 0.022 0.018 0.022 0.022 0.018 0.022 0.018 0.022 0.022
0.018 0.022 0.018 0.022 0.022 0.018 0.022 0.018 0.022 0.022
0.018 0.022 0.018 0.022 0.022 0.018 0.022 0.018 0.022 0.022
0.015 0.015 0.015 0.015 0.015 0.016 0.015 0.015 0.015 0.015

iter 77
0.024 0.024 0.02 0.024 0.024 0.024 0.024 0.02 0.024 0.024
0.018 0.022 0.018 0.022 0.022 0.018 0.022 0.018 0.022 0.022
0.018 0.022 0.018 0.022 0.022 0.018 0.022 0.018 0.022 0.022
0.018 0.022 0.018 0.022 0.022 0.018 0.022 0.018 0.022 0.022
0.015 0.015 0.015 0.015 0.015 0.016 0.015 0.015 0.015 0.015

iter 78
0.024 0.024 0.02 0.024 0.024 0.024 0.024 0.02 0.024 0.024
0.018 0.022 0.018 0.022 0.022 0.018 0.022 0.018 0.022 0.022
0.018 0.022 0.018 0.022 0.022 0.018 0.022 0.018 0.022 0.022
0.018 0.022 0.018 0.022 0.022 0.018 0.022 0.018 0.022 0.022
0.015 0.015 0.015 0.015 0.015 0.016 0.015 0.015 0.015 0.015

iter 79
0.024 0.024 0.02 0.024 0.024 0.024 0.024 0.02 0.024 0.024
0.018 0.022 0.018 0.022 0.022 0.018 0.022 0.018 0.022 0.022
0.018 0.022 0.018 0.022 0.022 0.018 0.022 0.018 0.022 0.022
0.018 0.022 0.018 0.022 0.022 0.018 0.022 0.018 0.022 0.022
0.015 0.015 0.015 0.015 0.015 0.016 0.015 0.015 0.015 0.015

iter 80
0.024 0.024 0.02 0.024 0.024 0.024 0.024 0.02 0.024 0.024
0.018 0.022 0.018 0.022 0.022 0.018 0.022 0.018 0.022 0.022
0.018 0.022 0.018 0.022 0.022 0.018 0.022 0.018 0.022 0.022
0.018 0.022 0.018 0.022 0.022 0.018 0.022 0.018 0.022 0.022
0.015 0.015 0.015 0.015 0.015 0.016 0.015 0.015 0.015 0.015

iter 81
0.024 0.024 0.02 0.024 0.024 0.024 0.024 0.02 0.024 0.024
0.018 0.022 0.018 0.022 0.022 0.018 0.022 0.018 0.022 0.022
0.018 0.022 0.018 0.022 0.022 0.018 0.022 0.018 0.022 0.022
0.018 0.022 0.018 0.022 0.022 0.018 0.022 0.018 0.022 0.022
0.015 0.015 0.015 0.015 0.015 0.016 0.015 0.015 0.015 0.015

iter 82
0.024 0.024 0.02 0.024 0.024 0.024 0.024 0.02 0.024 0.024
0.018 0.022 0.018 0.022 0.022 0.018 0.022 0.018 0.022 0.022
0.018 0.022 0.018 0.022 0.022 0.018 0.022 0.018 0.022 0.022
0.018 0.022 0.018 0.022 0.022 0.018 0.022 0.018 0.022 0.022
0.015 0.015 0.015 0.015 0.015 0.016 0.015 0.015 0.015 0.015

iter 83
0.024 0.024 0.02 0.024 0.024 0.024 0.024 0.02 0.024 0.024
0.018 0.022 0.018 0.022 0.022 0.018 0.022 0.018 0.022 0.022
0.018 0.022 0.018 0.022 0.022 0.018 0.022 0.018 0.022 0.022
0.018 0.022 0.018 0.022 0.022 0.018 0.022 0.018 0.022 0.022
0.015 0.015 0.015 0.015 0.015 0.016 0.015 0.015 0.015 0.015

iter 84
0.024 0.024 0.02 0.024 0.024 0.024 0.024 0.02 0.024 0.024
0.018 0.022 0.018 0.022 0.022 0.018 0.022 0.018 0.022 0.022
0.018 0.022 0.018 0.022 0.022 0.018 0.022 0.018 0.022 0.022
0.018 0.022 0.018 0.022 0.022 0.018 0.022 0.018 0.022 0.022
0.015 0.015 0.015 0.015 0.015 0.016 0.015 0.015 0.015 0.015

iter 85
0.024 0.024 0.02 0.024 0.024 0.024 0.024 0.02 0.024 0.024
0.018 0.022 0.018 0.022 0.022 0.018 0.022 0.018 0.022 0.022
0.018 0.022 0.018 0.022 0.022 0.018 0.022 0.018 0.022 0.022
0.018 0.022 0.018 0.022 0.022 0.018 0.022 0.018 0.022 0.022
0.015 0.015 0.015 0.015 0.015 0.016 0.015 0.015 0.015 0.015

iter 86
0.024 0.024 0.02 0.024 0.024 0.024 0.024 0.02 0.024 0.024
0.018 0.022 0.018 0.022 0.022 0.018 0.022 0.018 0.022 0.022
0.018 0.022 0.018 0.022 0.022 0.018 0.022 0.018 0.022 0.022
0.018 0.022 0.018 0.022 0.022 0.018 0.022 0.018 0.022 0.022
0.015 0.015 0.015 0.015 0.015 0.016 0.015 0.015 0.015 0.015

iter 87
0.024 0.024 0.02 0.024 0.024 0.024 0.024 0.02 0.024 0.024
0.018 0.022 0.018 0.022 0.022 0.018 0.022 0.018 0.022 0.022
0.018 0.022 0.018 0.022 0.022 0.018 0.022 0.018 0.022 0.022
0.018 0.022 0.018 0.022 0.022 0.018 0.022 0.018 0.022 0.022
0.015 0.015 0.015 0.015 0.015 0.016 0.015 0.015 0.015 0.015

iter 88
0.024 0.024 0.02 0.024 0.024 0.024 0.024 0.02 0.024 0.024
0.018 0.022 0.018 0.022 0.022 0.018 0.022 0.018 0.022 0.022
0.018 0.022 0.018 0.022 0.022 0.018 0.022 0.018 0.022 0.022
0.018 0.022 0.018 0.022 0.022 0.018 0.022 0.018 0.022 0.022
0.015 0.015 0.015 0.015 0.015 0.016 0.015 0.015 0.015 0.015

iter 89
0.024 0.024 0.02 0.024 0.024 0.024 0.024 0.02 0.024 0.024
0.018 0.022 0.018 0.022 0.022 0.018 0.022 0.018 0.022 0.022
0.018 0.022 0.018 0.022 0.022 0.018 0.022 0.018 0.022 0.022
0.018 0.022 0.018 0.022 0.022 0.018 0.022 0.018 0.022 0.022
0.015 0.015 0.015 0.015 0.015 0.016 0.015 0.015 0.015 0.015

iter 90
0.024 0.024 0.02 0.024 0.024 0.024 0.024 0.02 0.024 0.024
0.018 0.022 0.018 0.022 0.022 0.018 0.022 0.018 0.022 0.022
0.018 0.022 0.018 0.022 0.022 0.018 0.022 0.018 0.022 0.022
0.018 0.022 0.018 0.022 0.022 0.018 0.022 0.018 0.022 0.022
0.015 0.015 0.015 0.015 0.015 0.016 0.015 0.015 0.015 0.015

iter 91
0.024 0.024 0.02 0.024 0.024 0.024 0.024 0.02 0.024 0.024
0.018 0.022 0.018 0.022 0.022 0.018 0.022 0.018 0.022 0.022
0.018 0.022 0.018 0.022 0.022 0.018 0.022 0.018 0.022 0.022
0.018 0.022 0.018 0.022 0.022 0.018 0.022 0.018 0.022 0.022
0.015 0.015 0.015 0.015 0.015 0.016 0.015 0.015 0.015 0.015

iter 92
0.024 0.024 0.02 0.024 0.024 0.024 0.024 0.02 0.024 0.024
0.018 0.022 0.018 0.022 0.022 0.018 0.022 0.018 0.022 0.022
0.018 0.022 0.018 0.022 0.022 0.018 0.022 0.018 0.022 0.022
0.018 0.022 0.018 0.022 0.022 0.018 0.022 0.018 0.022 0.022
0.015 0.015 0.015 0.015 0.015 0.016 0.015 0.015 0.015 0.015

iter 93
0.024 0.024 0.02 0.024 0.024 0.024 0.024 0.02 0.024 0.024
0.018 0.022 0.018 0.022 0.022 0.018 0.022 0.018 0.022 0.022
0.018 0.022 0.018 0.022 0.022 0.018 0.022 0.018 0.022 0.022
0.018 0.022 0.018 0.022 0.022 0.018 0.022 0.018 0.022 0.022
0.015 0.015 0.015 0.015 0.015 0.016 0.015 0.015 0.015 0.015

iter 94
0.024 0.024 0.02 0.024 0.024 0.024 0.024 0.02 0.024 0.024
0.018 0.022 0.018 0.022 0.022 0.018 0.022 0.018 0.022 0.022
0.018 0.022 0.018 0.022 0.022 0.018 0.022 0.018 0.022 0.022
0.018 0.022 0.018 0.022 0.022 0.018 0.022 0.018 0.022 0.022
0.015 0.015 0.015 0.015 0.015 0.016 0.015 0.015 0.015 0.015

iter 95
0.024 0.024 0.02 0.024 0.024 0.024 0.024 0.02 0.024 0.024
0.018 0.022 0.018 0.022 0.022 0.018 0.022 0.018 0.022 0.022
0.018 0.022 0.018 0.022 0.022 0.018 0.022 0.018 0.022 0.022
0.018 0.022 0.018 0.022 0.022 0.018 0.022 0.018 0.022 0.022
0.015 0.015 0.015 0.015 0.015 0.016 0.015 0.015 0.015 0.015

iter 96
0.024 0.024 0.02 0.024 0.024 0.024 0.024 0.02 0.024 0.024
0.018 0.022 0.018 0.022 0.022 0.018 0.022 0.018 0.022 0.022
0.018 0.022 0.018 0.022 0.022 0.018 0.022 0.018 0.022 0.022
0.018 0.022 0.018 0.022 0.022 0.018 0.022 0.018 0.022 0.022
0.015 0.015 0.015 0.015 0.015 0.016 0.015 0.015 0.015 0.015

iter 97
0.024 0.024 0.02 0.024 0.024 0.024 0.024 0.02 0.024 0.024
0.018 0.022 0.018 0.022 0.022 0.018 0.022 0.018 0.022 0.022
0.018 0.022 0.018 0.022 0.022 0.018 0.022 0.018 0.022 0.022
0.018 0.022 0.018 0.022 0.022 0.018 0.022 0.018 0.022 0.022
0.015 0.015 0.015 0.015 0.015 0.016 0.015 0.015 0.015 0.015

iter 98
0.024 0.024 0.02 0.024 0.024 0.024 0.024 0.02 0.024 0.024
0.018 0.022 0.018 0.022 0.022 0.018 0.022 0.018 0.022 0.022
0.018 0.022 0.018 0.022 0.022 0.018 0.022 0.018 0.022 0.022
0.018 0.022 0.018 0.022 0.022 0.018 0.022 0.018 0.022 0.022
0.015 0.015 0.015 0.015 0.015 0.016 0.015 0.015 0.015 0.015

iter 99
0.024 0.024 0.02 0.024 0.024 0.024 0.024 0.02 0.024 0.024
0.018 0.022 0.018 0.022 0.022 0.018 0.022 0.018 0.022 0.022
0.018 0.022 0.018 0.022 0.022 0.018 0.022 0.018 0.022 0.022
0.018 0.022 0.018 0.022 0.022 0.018 0.022 0.018 0.022 0.022
0.015 0.015 0.015 0.015 0.015 0.016 0.015 0.015 0.015 0.015

iter 100
0.024 0.024 0.02 0.024 0.024 0.024 0.024 0.02 0.024 0.024
0.018 0.022 0.018 0.022 0.022 0.018 0.022 0.018 0.022 0.022
0.018 0.022 0.018 0.022 0.022 0.018 0.022 0.018 0.022 0.022
0.018 0.022 0.018 0.022 0.022 0.018 0.022 0.018 0.022 0.022
0.015 0.015 0.015 0.015 0.015 0.016 0.015 0.015 0.015 0.015

iter 101
0.024 0.024 0.02 0.024 0.024 0.024 0.024 0.02 0.024 0.024
0.018 0.022 0.018 0.022 0.022 0.018 0.022 0.018 0.022 0.022
0.018 0.022 0.018 0.022 0.022 0.018 0.022 0.018 0.022 0.022
0.018 0.022 0.018 0.022 0.022 0.018 0.022 0.018 0.022 0.022
0.015 0.015 0.015 0.015 0.015 0.016 0.015 0.015 0.015 0.015

iter 102
0.024 0.024 0.02 0.024 0.024 0.024 0.024 0.02 0.024 0.024
0.018 0.022 0.018 0.022 0.022 0.018 0.022 0.018 0.022 0.022
0.018 0.022 0.018 0.022 0.022 0.018 0.022 0.018 0.022 0.022
0.018 0.022 0.018 0.022 0.022 0.018 0.022 0.018 0.022 0.022
0.015 0.015 0.015 0.015 0.015 0.016 0.015 0.015 0.015 0.015

iter 103
0.024 0.024 0.02 0.024 0.024 0.024 0.024 0.02 0.024 0.024
0.018 0.022 0.018 0.022 0.022 0.018 0.022 0.018 0.022 0.022
0.018 0.022 0.018 0.022 0.022 0.018 0.022 0.018 0.022 0.022
0.018 0.022 0.018 0.022 0.022 0.018 0.022 0.018 0.022 0.022
0.015 0.015 0.015 0.015 0.015 0.016 0.015 0.015 0.015 0.015

iter 104
0.024 0.024 0.02 0.024 0.024 0.024 0.024 0.02 0.024 0.024
0.018 0.022 0.018 0.022 0.022 0.018 0.022 0.018 0.022 0.022
0.018 0.022 0.018 0.022 0.022 0.018 0.022 0.018 0.022 0.022
0.018 0.022 0.018 0.022 0.022 0.018 0.022 0.018 0.022 0.022
0.015 0.015 0.015 0.015 0.015 0.016 0.015 0.015 0.015 0.015

iter 105
0.024 0.024 0.02 0.024 0.024 0.024 0.024 0.02 0.024 0.024
0.018 0.022 0.018 0.022 0.022 0.018 0.022 0.018 0.022 0.022
0.018 0.022 0.018 0.022 0.022 0.018 0.022 0.018 0.022 0.022
0.018 0.022 0.018 0.022 0.022 0.018 0.022 0.018 0.022 0.022
0.015 0.015 0.015 0.015 0.015 0.016 0.015 0.015 0.015 0.015

iter 106
0.024 0.024 0.02 0.024 0.024 0.024 0.024 0.02 0.024 0.024
0.018 0.022 0.018 0.022 0.022 0.018 0.022 0.018 0.022 0.022
0.018 0.022 0.018 0.022 0.022 0.018 0.022 0.018 0.022 0.022
0.018 0.022 0.018 0.022 0.022 0.018 0.022 0.018 0.022 0.022
0.015 0.015 0.015 0.015 0.015 0.016 0.015 0.015 0.015 0.015

iter 107
0.024 0.024 0.02 0.024 0.024 0.024 0.024 0.02 0.024 0.024
0.018 0.022 0.018 0.022 0.022 0.018 0.022 0.018 0.022 0.022
0.018 0.022 0.018 0.022 0.022 0.018 0.022 0.018 0.022 0.022
0.018 0.022 0.018 0.022 0.022 0.018 0.022 0.018 0.022 0.022
0.015 0.015 0.015 0.015 0.015 0.016 0.015 0.015 0.015 0.015

iter 108
0.024 0.024 0.02 0.024 0.024 0.024 0.024 0.02 0.024 0.024
0.018 0.022 0.018 0.022 0.022 0.018 0.022 0.018 0.022 0.022
0.018 0.022 0.018 0.022 0.022 0.018 0.022 0.018 0.022 0.022
0.018 0.022 0.018 0.022 0.022 0.018 0.022 0.018 0.022 0.022
0.015 0.015 0.015 0.015 0.015 0.016 0.015 0.015 0.015 0.015

iter 109
0.024 0.024 0.02 0.024 0.024 0.024 0.024 0.02 0.024 0.024
0.018 0.022 0.018 0.022 0.022 0.018 0.022 0.018 0.022 0.022
0.018 0.022 0.018 0.022 0.022 0.018 0.022 0.018 0.022 0.022
0.018 0.022 0.018 0.022 0.022 0.018 0.022 0.018 0.022 0.022
0.015 0.015 0.015 0.015 0.015 0.016 0.015 0.015 0.015 0.015

iter 110
0.024 0.024 0.02 0.024 0.024 0.024 0.024 0.02 0.024 0.024
0.018 0.022 0.018 0.022 0.022 0.018 0.022 0.018 0.022 0.022
0.018 0.022 0.018 0.022 0.022 0.018 0.022 0.018 0.022 0.022
0.018 0.022 0.018 0.022 0.022 0.018 0.022 0.018 0.022 0.022
0.015 0.015 0.015 0.015 0.015 0.016 0.015 0.015 0.015 0.015

iter 111
0.024 0.024 0.02 0.024 0.024 0.024 0.024 0.02 0.024 0.024
0.018 0.022 0.018 0.022 0.022 0.018 0.022 0.018 0.022 0.022
0.018 0.022 0.018 0.022 0.022 0.018 0.022 0.018 0.022 0.022
0.018 0.022 0.018 0.022 0.022 0.018 0.022 0.018 0.022 0.022
0.015 0.015 0.015 0.015 0.015 0.016 0.015 0.015 0.015 0.015

iter 112
0.024 0.024 0.02 0.024 0.024 0.024 0.024 0.02 0.024 0.024
0.018 0.022 0.018 0.022 0.022 0.018 0.022 0.018 0.022 0.022
0.018 0.022 0.018 0.022 0.022 0.018 0.022 0.018 0.022 0.022
0.018 0.022 0.018 0.022 0.022 0.018 0.022 0.018 0.022 0.022
0.015 0.015 0.015 0.015 0.015 0.016 0.015 0.015 0.015 0.015

iter 113
0.024 0.024 0.02 0.024 0.024 0.024 0.024 0.02 0.024 0.024
0.018 0.022 0.018 0.022 0.022 0.018 0.022 0.018 0.022 0.022
0.018 0.022 0.018 0.022 0.022 0.018 0.022 0.018 0.022 0.022
0.018 0.022 0.018 0.022 0.022 0.018 0.022 0.018 0.022 0.022
0.015 0.015 0.015 0.015 0.015 0.016 0.015 0.015 0.015 0.015

iter 114
0.024 0.024 0.02 0.024 0.024 0.024 0.024 0.02 0.024 0.024
0.018 0.022 0.018 0.022 0.022 0.018 0.022 0.018 0.022 0.022
0.018 0.022 0.018 0.022 0.022 0.018 0.022 0.018 0.022 0.022
0.018 0.022 0.018 0.022 0.022 0.018 0.022 0.018 0.022 0.022
0.015 0.015 0.015 0.015 0.015 0.016 0.015 0.015 0.015 0.015

iter 115
0.024 0.024 0.02 0.024 0.024 0.024 0.024 0.02 0.024 0.024
0.018 0.022 0.018 0.022 0.022 0.018 0.022 0.018 0.022 0.022
0.018 0.022 0.018 0.022 0.022 0.018 0.022 0.018 0.022 0.022
0.018 0.022 0.018 0.022 0.022 0.018 0.022 0.018 0.022 0.022
0.015 0.015 0.015 0.015 0.015 0.016 0.015 0.015 0.015 0.015

iter 116
0.024 0.024 0.02 0.024 0.024 0.024 0.024 0.02 0.024 0.024
0.018 0.022 0.018 0.022 0.022 0.018 0.022 0.018 0.022 0.022
0.018 0.022 0.018 0.022 0.022 0.018 0.022 0.018 0.022 0.022
0.018 0.022 0.018 0.022 0.022 0.018 0.022 0.018 0.022 0.022
0.015 0.015 0.015 0.015 0.015 0.016 0.015 0.015 0.015 0.015

iter 117
0.024 0.024 0.02 0.024 0.024 0.024 0.024 0.02 0.024 0.024
0.018 0.022 0.018 0.022 0.022 0.018 0.022 0.018 0.022 0.022
0.018 0.022 0.018 0.022 0.022 0.018 0.022 0.018 0.022 0.022
0.018 0.022 0.018 0.022 0.022 0.018 0.022 0.018 0.022 0.022
0.015 0.015 0.015 0.015 0.015 0.016 0.015 0.015 0.015 0.015

iter 118
0.024 0.024 0.02 0.024 0.024 0.024 0.024 0.02 0.024 0.024
0.018 0.022 0.018 0.022 0.022 0.018 0.022 0.018 0.022 0.022
0.018 0.022 0.018 0.022 0.022 0.018 0.022 0.018 0.022 0.022
0.018 0.022 0.018 0.022 0.022 0.018 0.022 0.018 0.022 0.022
0.015 0.015 0.015 0.015 0.015 0.016 0.015 0.015 0.015 0.015

iter 119
0.024 0.024 0.02 0.024 0.024 0.024 0.024 0.02 0.024 0.024
0.018 0.022 0.018 0.022 0.022 0.018 0.022 0.018 0.022 0.022
0.018 0.022 0.018 0.022 0.022 0.018 0.022 0.018 0.022 0.022
0.018 0.022 0.018 0.022 0.022 0.018 0.022 0.018 0.022 0.022
0.015 0.015 0.015 0.015 0.015 0.016 0.015 0.015 0.015 0.015

iter 120
0.024 0.024 0.02 0.024 0.024 0.024 0.024 0.02 0.024 0.024
0.018 0.022 0.018 0.022 0.022 0.018 0.022 0.018 0.022 0.022
0.018 0.022 0.018 0.022 0.022 0.018 0.022 0.018 0.022 0.022
0.018 0.022 0.018 0.022 0.022 0.018 0.022 0.018 0.022 0.022
0.015 0.015 0.015 0.015 0.015 0.016 0.015 0.015 0.015 0.015

iter 121
0.024 0.024 0.02 0.024 0.024 0.024 0.024 0.02 0.024 0.024
0.018 0.022 0.018 0.022 0.022 0.018 0.022 0.018 0.022 0.022
0.018 0.022 0.018 0.022 0.022 0.018 0.022 0.018 0.022 0.022
0.018 0.022 0.018 0.022 0.022 0.018 0.022 0.018 0.022 0.022
0.015 0.015 0.015 0.015 0.015 0.016 0.015 0.015 0.015 0.015

iter 122
0.024 0.024 0.02 0.024 0.024 0.024 0.024 0.02 0.024 0.024
0.018 0.022 0.018 0.022 0.022 0.018 0.022 0.018 0.022 0.022
0.018 0.022 0.018 0.022 0.022 0.018 0.022 0.018 0.022 0.022
0.018 0.022 0.018 0.022 0.022 0.018 0.022 0.018 0.022 0.022
0.015 0.015 0.015 0.015 0.015 0.016 0.015 0.015 0.015 0.015

iter 123
0.024 0.024 0.02 0.024 0.024 0.024 0.024 0.02 0.024 0.024
0.018 0.022 0.018 0.022 0.022 0.018 0.022 0.018 0.022 0.022
0.018 0.022 0.018 0.022 0.022 0.018 0.022 0.018 0.022 0.022
0.018 0.022 0.018 0.022 0.022 0.018 0.022 0.018 0.022 0.022
0.015 0.015 0.015 0.015 0.015 0.016 0.015 0.015 0.015 0.015

iter 124
0.024 0.024 0.02 0.024 0.024 0.024 0.024 0.02 0.024 0.024
0.018 0.022 0.018 0.022 0.022 0.018 0.022 0.018 0.022 0.022
0.018 0.022 0.018 0.022 0.022 0.018 0.022 0.018 0.022 0.022
0.018 0.022 0.018 0.022 0.022 0.018 0.022 0.018 0.022 0.022
0.015 0.015 0.015 0.015 0.015 0.016 0.015 0.015 0.015 0.015

iter 125
0.024 0.024 0.02 0.024 0.024 0.024 0.024 0.02 0.024 0.024
0.018 0.022 0.018 0.022 0.022 0.018 0.022 0.018 0.022 0.022
0.018 0.022 0.018 0.022 0.022 0.018 0.022 0.018 0.022 0.022
0.018 0.022 0.018 0.022 0.022 0.018 0.022 0.018 0.022 0.022
0.015 0.015 0.015 0.015 0.015 0.016 0.015 0.015 0.015 0.015

iter 126
0.024 0.024 0.02 0.024 0.024 0.024 0.024 0.02 0.024 0.024
0.018 0.022 0.018 0.022 0.022 0.018 0.022 0.018 0.022 0.022
0.018 0.022 0.018 0.022 0.022 0.018 0.022 0.018 0.022 0.022
0.018 0.022 0.018 0.022 0.022 0.018 0.022 0.018 0.022 0.022
0.015 0.015 0.015 0.015 0.015 0.016 0.015 0.015 0.015 0.015

iter 127
0.024 0.024 0.02 0.024 0.024 0.024 0.024 0.02 0.024 0.024
0.018 0.022 0.018 0.022 0.022 0.018 0.022 0.018 0.022 0.022
0.018 0.022 0.018 0.022 0.022 0.018 0.022 0.018 0.022 0.022
0.018 0.022 0.018 0.022 0.022 0.018 0.022 0.018 0.022 0.022
0.015 0.015 0.015 0.015 0.015 0.016 0.015 0.015 0.015 0.015

iter 128
0.024 0.024 0.02 0.024 0.024 0.024 0.024 0.02 0.024 0.024
0.018 0.022 0.018 0.022 0.022 0.018 0.022 0.018 0.022 0.022
0.018 0.022 0.018 0.022 0.022 0.018 0.022 0.018 0.022 0.022
0.018 0.022 0.018 0.022 0.022 0.018 0.022 0.018 0.022 0.022
0.015 0.015 0.015 0.015 0.015 0.016 0.015 0.015 0.015 0.015

iter 129
0.024 0.024 0.02 0.024 0.024 0.024 0.024 0.02 0.024 0.024
0.018 0.022 0.018 0.022 0.022 0.018 0.022 0.018 0.022 0.022
0.018 0.022 0.018 0.022 0.022 0.018 0.022 0.018 0.022 0.022
0.018 0.022 0.018 0.022 0.022 0.018 0.022 0.018 0.022 0.022
0.015 0.015 0.015 0.015 0.015 0.016 0.015 0.015 0.015 0.015

iter 130
0.024 0.024 0.02 0.024 0.024 0.024 0.024 0.02 0.024 0.024
0.018 0.022 0.018 0.022 0.022 0.018 0.022 0.018 0.022 0.022
0.018 0.022 0.018 0.022 0.022 0.018 0.022 0.018 0.022 0.022
0.018 0.022 0.018 0.022 0.022 0.018 0.022 0.018 0.022 0.022
0.015 0.015 0.015 0.015 0.015 0.016 0.015 0.015 0.015 0.015

iter 131
0.024 0.024 0.02 0.024 0.024 0.024 0.024 0.02 0.024 0.024
0.018 0.022 0.018 0.022 0.022 0.018 0.022 0.018 0.022 0.022
0.018 0.022 0.018 0.022 0.022 0.018 0.022 0.018 0.022 0.022
0.018 0.022 0.018 0.022 0.022 0.018 0.022 0.018 0.022 0.022
0.015 0.015 0.015 0.015 0.015 0.016 0.015 0.015 0.015 0.015

iter 132
0.024 0.024 0.02 0.024 0.024 0.024 0.024 0.02 0.024 0.024
0.018 0.022 0.018 0.022 0.022 0.018 0.022 0.018 0.022 0.022
0.018 0.022 0.018 0.022 0.022 0.018 0.022 0.018 0.022 0.022
0.018 0.022 0.018 0.022 0.022 0.018 0.022 0.018 0.022 0.022
0.015 0.015 0.015 0.015 0.015 0.016 0.015 0.015 0.015 0.015

iter 133
0.024 0.024 0.02 0.024 0.024 0.024 0.024 0.02 0.024 0.024
0.018 0.022 0.018 0.022 0.022 0.018 0.022 0.018 0.022 0.022
0.018 0.022 0.018 0.022 0.022 0.018 0.022 0.018 0.022 0.022
0.018 0.022 0.018 0.022 0.022 0.018 0.022 0.018 0.022 0.022
0.015 0.015 0.015 0.015 0.015 0.016 0.015 0.015 0.015 0.015

iter 134
0.024 0.024 0.02 0.024 0.024 0.024 0.024 0.02 0.024 0.024
0.018 0.022 0.018 0.022 0.022 0.018 0.022 0.018 0.022 0.022
0.018 0.022 0.018 0.022 0.022 0.018 0.022 0.018 0.022 0.022
0.018 0.022 0.018 0.022 0.022 0.018 0.022 0.018 0.022 0.022
0.015 0.015 0.015 0.015 0.015 0.016 0.015 0.015 0.015 0.015

iter 135
0.024 0.024 0.02 0.024 0.024 0.024 0.024 0.02 0.024 0.024
0.018 0.022 0.018 0.022 0.022 0.018 0.022 0.018 0.022 0.022
0.018 0.022 0.018 0.022 0.022 0.018 0.022 0.018 0.022 0.022
0.018 0.022 0.018 0.022 0.022 0.018 0.022 0.018 0.022 0.022
0.015 0.015 0.015 0.015 0.015 0.016 0.015 0.015 0.015 0.015

iter 136
0.024 0.024 0.02 0.024 0.024 0.024 0.024 0.02 0.024 0.024
0.018 0.022 0.018 0.022 0.022 0.018 0.022 0.018 0.022 0.022
0.018 0.022 0.018 0.022 0.022 0.018 0.022 0.018 0.022 0.022
0.018 0.022 0.018 0.022 0.022 0.018 0.022 0.018 0.022 0.022
0.015 0.015 0.015 0.015 0.015 0.016 0.015 0.015 0.015 0.015

iter 137
0.024 0.024 0.02 0.024 0.024 0.024 0.024 0.02 0.024 0.024
0.018 0.022 0.018 0.022 0.022 0.018 0.022 0.018 0.022 0.022
0.018 0.022 0.018 0.022 0.022 0.018 0.022 0.018 0.022 0.022
0.018 0.022 0.018 0.022 0.022 0.018 0.022 0.018 0.022 0.022
0.015 0.015 0.015 0.015 0.015 0.016 0.015 0.015 0.015 0.015

iter 138
0.024 0.024 0.02 0.024 0.024 0.024 0.024 0.02 0.024 0.024
0.018 0.022 0.018 0.022 0.022 0.018 0.022 0.018 0.022 0.022
0.018 0.022 0.018 0.022 0.022 0.018 0.022 0.018 0.022 0.022
0.018 0.022 0.018 0.022 0.022 0.018 0.022 0.018 0.022 0.022
0.015 0.015 0.015 0.015 0.015 0.016 0.015 0.015 0.015 0.015

iter 139
0.024 0.024 0.02 0.024 0.024 0.024 0.024 0.02 0.024 0.024
0.018 0.022 0.018 0.022 0.022 0.018 0.022 0.018 0.022 0.022
0.018 0.022 0.018 0.022 0.022 0.018 0.022 0.018 0.022 0.022
0.018 0.022 0.018 0.022 0.022 0.018 0.022 0.018 0.022 0.022
0.015 0.015 0.015 0.015 0.015 0.016 0.015 0.015 0.015 0.015

iter 140
0.024 0.024 0.02 0.024 0.024 0.024 0.024 0.02 0.024 0.024
0.018 0.022 0.018 0.022 0.022 0.018 0.022 0.018 0.022 0.022
0.018 0.022 0.018 0.022 0.022 0.018 0.022 0.018 0.022 0.022
0.018 0.022 0.018 0.022 0.022 0.018 0.022 0.018 0.022 0.022
0.015 0.015 0.015 0.015 0.015 0.016 0.015 0.015 0.015 0.015

iter 141
0.024 0.024 0.02 0.024 0.024 0.024 0.024 0.02 0.024 0.024
0.018 0.022 0.018 0.022 0.022 0.018 0.022 0.018 0.022 0.022
0.018 0.022 0.018 0.022 0.022 0.018 0.022 0.018 0.022 0.022
0.018 0.022 0.018 0.022 0.022 0.018 0.022 0.018 0.022 0.022
0.015 0.015 0.015 0.015 0.015 0.016 0.015 0.015 0.015 0.015

iter 142
0.024 0.024 0.02 0.024 0.024 0.024 0.024 0.02 0.024 0.024
0.018 0.022 0.018 0.022 0.022 0.018 0.022 0.018 0.022 0.022
0.018 0.022 0.018 0.022 0.022 0.018 0.022 0.018 0.022 0.022
0.018 0.022 0.018 0.022 0.022 0.018 0.022 0.018 0.022 0.022
0.015 0.015 0.015 0.015 0.015 0.016 0.015 0.015 0.015 0.015

iter 143
0.024 0.024 0.02 0.024 0.024 0.024 0.024 0.02 0.024 0.024
0.018 0.022 0.018 0.022 0.022 0.018 0.022 0.018 0.022 0.022
0.018 0.022 0.018 0.022 0.022 0.018 0.022 0.018 0.022 0.022
0.018 0.022 0.018 0.022 0.022 0.018 0.022 0.018 0.022 0.022
0.015 0.015 0.015 0.015 0.015 0.016 0.015 0.015 0.015 0.015

iter 144
0.024 0.024 0.02 0.024 0.024 0.024 0.024 0.02 0.024 0.024
0.018 0.022 0.018 0.022 0.022 0.018 0.022 0.018 0.022 0.022
0.018 0.022 0.018 0.022 0.022 0.018 0.022 0.018 0.022 0.022
0.018 0.022 0.018 0.022 0.022 0.018 0.022 0.018 0.022 0.022
0.015 0.015 0.015 0.015 0.015 0.016 0.015 0.015 0.015 0.015

iter 145
0.024 0.024 0.02 0.024 0.024 0.024 0.024 0.02 0.024 0.024
0.018 0.022 0.018 0.022 0.022 0.018 0.022 0.018 0.022 0.022
0.018 0.022 0.018 0.022 0.022 0.018 0.022 0.018 0.022 0.022
0.018 0.022 0.018 0.022 0.022 0.018 0.022 0.018 0.022 0.022
0.015 0.015 0.015 0.015 0.015 0.016 0.015 0.015 0.015 0.015

iter 146
0.024 0.024 0.02 0.024 0.024 0.024 0.024 0.02 0.024 0.024
0.018 0.022 0.018 0.022 0.022 0.018 0.022 0.018 0.022 0.022
0.018 0.022 0.018 0.022 0.022 0.018 0.022 0.018 0.022 0.022
0.018 0.022 0.018 0.022 0.022 0.018 0.022 0.018 0.022 0.022
0.015 0.015 0.015 0.015 0.015 0.016 0.015 0.015 0.015 0.015

iter 147
0.024 0.024 0.02 0.024 0.024 0.024 0.024 0.02 0.024 0.024
0.018 0.022 0.018 0.022 0.022 0.018 0.022 0.018 0.022 0.022
0.018 0.022 0.018 0.022 0.022 0.018 0.022 0.018 0.022 0.022
0.018 0.022 0.018 0.022 0.022 0.018 0.022 0.018 0.022 0.022
0.015 0.015 0.015 0.015 0.015 0.016 0.015 0.015 0.015 0.015

iter 148
0.024 0.024 0.02 0.024 0.024 0.024 0.024 0.02 0.024 0.024
0.018 0.022 0.018 0.022 0.022 0.018 0.022 0.018 0.022 0.022
0.018 0.022 0.018 0.022 0.022 0.018 0.022 0.018 0.022 0.022
0.018 0.022 0.018 0.022 0.022 0.018 0.022 0.018 0.022 0.022
0.015 0.015 0.015 0.015 0.015 0.016 0.015 0.015 0.015 0.015

iter 149
0.024 0.024 0.02 0.024 0.024 0.024 0.024 0.02 0.024 0.024
0.018 0.022 0.018 0.022 0.022 0.018 0.022 0.018 0.022 0.022
0.018 0.022 0.018 0.022 0.022 0.018 0.022 0.018 0.022 0.022
0.018 0.022 0.018 0.022 0.022 0.018 0.022 0.018 0.022 0.022
0.015 0.015 0.015 0.015 0.015 0.016 0.015 0.015 0.015 0.015

iter 150
0.024 0.024 0.02 0.024 0.024 0.024 0.024 0.02 0.024 0.024
0.018 0.022 0.018 0.022 0.022 0.018 0.022 0.018 0.022 0.022
0.018 0.022 0.018 0.022 0.022 0.018 0.022 0.018 0.022 0.022
0.018 0.022 0.018 0.022 0.022 0.018 0.022 0.018 0.022 0.022
0.015 0.015 0.015 0.015 0.015 0.016 0.015 0.015 0.015 0.015

iter 151
0.024 0.024 0.02 0.024 0.024 0.024 0.024 0.02 0.024 0.024
0.018 0.022 0.018 0.022 0.022 0.018 0.022 0.018 0.022 0.022
0.018 0.022 0.018 0.022 0.022 0.018 0.022 0.018 0.022 0.022
0.018 0.022 0.018 0.022 0.022 0.018 0.022 0.018 0.022 0.022
0.015 0.015 0.015 0.015 0.015 0.016 0.015 0.015 0.015 0.015

iter 152
0.024 0.024 0.02 0.024 0.024 0.024 0.024 0.02 0.024 0.024
0.018 0.022 0.018 0.022 0.022 0.018 0.022 0.018 0.022 0.022
0.018 0.022 0.018 0.022 0.022 0.018 0.022 0.018 0.022 0.022
0.018 0.022 0.018 0.022 0.022 0.018 0.022 0.018 0.022 0.022
0.015 0.015 0.015 0.015 0.015 0.016 0.015 0.015 0.015 0.015

iter 153
0.024 0.024 0.02 0.024 0.024 0.024 0.024 0.02 0.024 0.024
0.018 0.022 0.018 0.022 0.022 0.018 0.022 0.018 0.022 0.022
0.018 0.022 0.018 0.022 0.022 0.018 0.022 0.018 0.022 0.022
0.018 0.022 0.018 0.022 0.022 0.018 0.022 0.018 0.022 0.022
0.015 0.015 0.015 0.015 0.015 0.016 0.015 0.015 0.015 0.015

iter 154
0.024 0.024 0.02 0.024 0.024 0.024 0.024 0.02 0.024 0.024
0.018 0.022 0.018 0.022 0.022 0.018 0.022 0.018 0.022 0.022
0.018 0.022 0.018 0.022 0.022 0.018 0.022 0.018 0.022 0.022
0.018 0.022 0.018 0.022 0.022 0.018 0.022 0.018 0.022 0.022
0.015 0.015 0.015 0.015 0.015 0.016 0.015 0.015 0.015 0.015

iter 155
0.024 0.024 0.02 0.024 0.024 0.024 0.024 0.02 0.024 0.024
0.018 0.022 0.018 0.022 0.022 0.018 0.022 0.018 0.022 0.022
0.018 0.022 0.018 0.022 0.022 0.018 0.022 0.018 0.022 0.022
0.018 0.022 0.018 0.022 0.022 0.018 0.022 0.018 0.022 0.022
0.015 0.015 0.015 0.015 0.015 0.016 0.015 0.015 0.015 0.015

iter 156
0.024 0.024 0.02 0.024 0.024 0.024 0.024 0.02 0.024 0.024
0.018 0.022 0.018 0.022 0.022 0.018 0.022 0.018 0.022 0.022
0.018 0.022 0.018 0.022 0.022 0.018 0.022 0.018 0.022 0.022
0.018 0.022 0.018 0.022 0.022 0.018 0.022 0.018 0.022 0.022
0.015 0.015 0.015 0.015 0.015 0.016 0.015 0.015 0.015 0.015

iter 157
0.024 0.024 0.02 0.024 0.024 0.024 0.024 0.02 0.024 0.024
0.018 0.022 0.018 0.022 0.022 0.018 0.022 0.018 0.022 0.022
0.018 0.022 0.018 0.022 0.022 0.018 0.022 0.018 0.022 0.022
0.018 0.022 0.018 0.022 0.022 0.018 0.022 0.018 0.022 0.022
0.015 0.015 0.015 0.015 0.015 0.016 0.015 0.015 0.015 0.015

iter 158
0.024 0.024 0.02 0.024 0.024 0.024 0.024 0.02 0.024 0.024
0.018 0.022 0.018 0.022 0.022 0.018 0.022 0.018 0.022 0.022
0.018 0.022 0.018 0.022 0.022 0.018 0.022 0.018 0.022 0.022
0.018 0.022 0.018 0.022 0.022 0.018 0.022 0.018 0.022 0.022
0.015 0.015 0.015 0.015 0.015 0.016 0.015 0.015 0.015 0.015

iter 159
0.024 0.024 0.02 0.024 0.024 0.024 0.024 0.02 0.024 0.024
0.018 0.022 0.018 0.022 0.022 0.018 0.022 0.018 0.022 0.022
0.018 0.022 0.018 0.022 0.022 0.018 0.022 0.018 0.022 0.022
0.018 0.022 0.018 0.022 0.022 0.018 0.022 0.018 0.022 0.022
0.015 0.015 0.015 0.015 0.015 0.016 0.015 0.015 0.015 0.015

iter 160
0.024 0.024 0.02 0.024 0.024 0.024 0.024 0.02 0.024 0.024
0.018 0.022 0.018 0.022 0.022 0.018 0.022 0.018 0.022 0.022
0.018 0.022 0.018 0.022 0.022 0.018 0.022 0.018 0.022 0.022
0.018 0.022 0.018 0.022 0.022 0.018 0.022 0.018 0.022 0.022
0.015 0.015 0.015 0.015 0.015 0.016 0.015 0.015 0.015 0.015

iter 161
0.024 0.024 0.02 0.024 0.024 0.024 0.024 0.02 0.024 0.024
0.018 0.022 0.018 0.022 0.022 0.018 0.022 0.018 0.022 0.022
0.018 0.022 0.018 0.022 0.022 0.018 0.022 0.018 0.022 0.022
0.018 0.022 0.018 0.022 0.022 0.018 0.022 0.018 0.022 0.022
0.015 0.015 0.015 0.015 0.015 0.016 0.015 0.015 0.015 0.015

iter 162
0.024 0.024 0.02 0.024 0.024 0.024 0.024 0.02 0.024 0.024
0.018 0.022 0.018 0.022 0.022 0.018 0.022 0.018 0.022 0.022
0.018 0.022 0.018 0.022 0.022 0.018 0.022 0.018 0.022 0.022
0.018 0.022 0.018 0.022 0.022 0.018 0.022 0.018 0.022 0.022
0.015 0.015 0.015 0.015 0.015 0.016 0.015 0.015 0.015 0.015

iter 163
0.024 0.024 0.02 0.024 0.024 0.024 0.024 0.02 0.024 0.024
0.018 0.022 0.018 0.022 0.022 0.018 0.022 0.018 0.022 0.022
0.018 0.022 0.018 0.022 0.022 0.018 0.022 0.018 0.022 0.022
0.018 0.022 0.018 0.022 0.022 0.018 0.022 0.018 0.022 0.022
0.015 0.015 0.015 0.015 0.015 0.016 0.015 0.015 0.015 0.015

iter 164
0.024 0.024 0.02 0.024 0.024 0.024 0.024 0.02 0.024 0.024
0.018 0.022 0.018 0.022 0.022 0.018 0.022 0.018 0.022 0.022
0.018 0.022 0.018 0.022 0.022 0.018 0.022 0.018 0.022 0.022
0.018 0.022 0.018 0.022 0.022 0.018 0.022 0.018 0.022 0.022
0.015 0.015 0.015 0.015 0.015 0.016 0.015 0.015 0.015 0.015

iter 165
0.024 0.024 0.02 0.024 0.024 0.024 0.024 0.02 0.024 0.024
0.018 0.022 0.018 0.022 0.022 0.018 0.022 0.018 0.022 0.022
0.018 0.022 0.018 0.022 0.022 0.018 0.022 0.018 0.022 0.022
0.018 0.022 0.018 0.022 0.022 0.018 0.022 0.018 0.022 0.022
0.015 0.015 0.015 0.015 0.015 0.016 0.015 0.015 0.015 0.015

iter 166
0.024 0.024 0.02 0.024 0.024 0.024 0.024 0.02 0.024 0.024
0.018 0.022 0.018 0.022 0.022 0.018 0.022 0.018 0.022 0.022
0.018 0.022 0.018 0.022 0.022 0.018 0.022 0.018 0.022 0.022
0.018 0.022 0.018 0.022 0.022 0.018 0.022 0.018 0.022 0.022
0.015 0.015 0.015 0.015 0.015 0.016 0.015 0.015 0.015 0.015

iter 167
0.024 0.024 0.02 0.024 0.024 0.024 0.024 0.02 0.024 0.024
0.018 0.022 0.018 0.022 0.022 0.018 0.022 0.018 0.022 0.022
0.018 0.022 0.018 0.022 0.022 0.018 0.022 0.018 0.022 0.022
0.018 0.022 0.018 0.022 0.022 0.018 0.022 0.018 0.022 0.022
0.015 0.015 0.015 0.015 0.015 0.016 0.015 0.015 0.015 0.015

iter 168
0.024 0.024 0.02 0.024 0.024 0.024 0.024 0.02 0.024 0.024
0.018 0.022 0.018 0.022 0.022 0.018 0.022 0.018 0.022 0.022
0.018 0.022 0.018 0.022 0.022 0.018 0.022 0.018 0.022 0.022
0.018 0.022 0.018 0.022 0.022 0.018 0.022 0.018 0.022 0.022
0.015 0.015 0.015 0.015 0.015 0.016 0.015 0.015 0.015 0.015

iter 169
0.024 0.024 0.02 0.024 0.024 0.024 0.024 0.02 0.024 0.024
0.018 0.022 0.018 0.022 0.022 0.018 0.022 0.018 0.022 0.022
0.018 0.022 0.018 0.022 0.022 0.018 0.022 0.018 0.022 0.022
0.018 0.022 0.018 0.022 0.022 0.018 0.022 0.018 0.022 0.022
0.015 0.015 0.015 0.015 0.015 0.016 0.015 0.015 0.015 0.015

iter 170
0.024 0.024 0.02 0.024 0.024 0.024 0.024 0.02 0.024 0.024
0.018 0.022 0.018 0.022 0.022 0.018 0.022 0.018 0.022 0.022
0.018 0.022 0.018 0.022 0.022 0.018 0.022 0.018 0.022 0.022
0.018 0.022 0.018 0.022 0.022 0.018 0.022 0.018 0.022 0.022
0.015 0.015 0.015 0.015 0.015 0.016 0.015 0.015 0.015 0.015

iter 171
0.024 0.024 0.02 0.024 0.024 0.024 0.024 0.02 0.024 0.024
0.018 0.022 0.018 0.022 0.022 0.018 0.022 0.018 0.022 0.022
0.018 0.022 0.018 0.022 0.022 0.018 0.022 0.018 0.022 0.022
0.018 0.022 0.018 0.022 0.022 0.018 0.022 0.018 0.022 0.022
0.015 0.015 0.015 0.015 0.015 0.016 0.015 0.015 0.015 0.015

iter 172
0.024 0.024 0.02 0.024 0.024 0.024 0.024 0.02 0.024 0.024
0.018 0.022 0.018 0.022 0.022 0.018 0.022 0.018 0.022 0.022
0.018 0.022 0.018 0.022 0.022 0.018 0.022 0.018 0.022 0.022
0.018 0.022 0.018 0.022 0.022 0.018 0.022 0.018 0.022 0.022
0.015 0.015 0.015 0.015 0.015 0.016 0.015 0.015 0.015 0.015

iter 173
0.024 0.024 0.02 0.024 0.024 0.024 0.024 0.02 0.024 0.024
0.018 0.022 0.018 0.022 0.022 0.018 0.022 0.018 0.022 0.022
0.018 0.022 0.018 0.022 0.022 0.018 0.022 0.018 0.022 0.022
0.018 0.022 0.018 0.022 0.022 0.018 0.022 0.018 0.022 0.022
0.015 0.015 0.015 0.015 0.015 0.016 0.015 0.015 0.015 0.015

iter 174
0.024 0.024 0.02 0.024 0.024 0.024 0.024 0.02 0.024 0.024
0.018 0.022 0.018 0.022 0.022 0.018 0.022 0.018 0.022 0.022
0.018 0.022 0.018 0.022 0.022 0.018 0.022 0.018 0.022 0.022
0.018 0.022 0.018 0.022 0.022 0.018 0.022 0.018 0.022 0.022
0.015 0.015 0.015 0.015 0.015 0.016 0.015 0.015 0.015 0.015

iter 175
0.024 0.024 0.02 0.024 0.024 0.024 0.024 0.02 0.024 0.024
0.018 0.022 0.018 0.022 0.022 0.018 0.022 0.018 0.022 0.022
0.018 0.022 0.018 0.022 0.022 0.018 0.022 0.018 0.022 0.022
0.018 0.022 0.018 0.022 0.022 0.018 0.022 0.018 0.022 0.022
0.015 0.015 0.015 0.015 0.015 0.016 0.015 0.015 0.015 0.015

iter 176
0.024 0.024 0.02 0.024 0.024 0.024 0.024 0.02 0.024 0.024
0.018 0.022 0.018 0.022 0.022 0.018 0.022 0.018 0.022 0.022
0.018 0.022 0.018 0.022 0.022 0.018 0.022 0.018 0.022 0.022
0.018 0.022 0.018 0.022 0.022 0.018 0.022 0.018 0.022 0.022
0.015 0.015 0.015 0.015 0.015 0.016 0.015 0.015 0.015 0.015

iter 177
0.024 0.024 0.02 0.024 0.024 0.024 0.024 0.02 0.024 0.024
0.018 0.022 0.018 0.022 0.022 0.018 0.022 0.018 0.022 0.022
0.018 0.022 0.018 0.022 0.022 0.018 0.022 0.018 0.022 0.022
0.018 0.022 0.018 0.022 0.022 0.018 0.022 0.018 0.022 0.022
0.015 0.015 0.015 0.015 0.015 0.016 0.015 0.015 0.015 0.015

iter 178
0.024 0.024 0.02 0.024 0.024 0.024 0.024 0.02 0.024 0.024
0.018 0.022 0.018 0.022 0.022 0.018 0.022 0.018 0.022 0.022
0.018 0.022 0.018 0.022 0.022 0.018 0.022 0.018 0.022 0.022
0.018 0.022 0.018 0.022 0.022 0.018 0.022 0.018 0.022 0.022
0.015 0.015 0.015 0.015 0.015 0.016 0.015 0.015 0.015 0.015

iter 179
0.024 0.024 0.02 0.024 0.024 0.024 0.024 0.02 0.024 0.024
0.018 0.022 0.018 0.022 0.022 0.018 0.022 0.018 0.022 0.022
0.018 0.022 0.018 0.022 0.022 0.018 0.022 0.018 0.022 0.022
0.018 0.022 0.018 0.022 0.022 0.018 0.022 0.018 0.022 0.022
0.015 0.015 0.015 0.015 0.015 0.016 0.015 0.015 0.015 0.015

iter 180
0.024 0.024 0.02 0.024 0.024 0.024 0.024 0.02 0.024 0.024
0.018 0.022 0.018 0.022 0.022 0.018 0.022 0.018 0.022 0.022
0.018 0.022 0.018 0.022 0.022 0.018 0.022 0.018 0.022 0.022
0.018 0.022 0.018 0.022 0.022 0.018 0.022 0.018 0.022 0.022
0.015 0.015 0.015 0.015 0.015 0.016 0.015 0.015 0.015 0.015

iter 181
0.024 0.024 0.02 0.024 0.024 0.024 0.024 0.02 0.024 0.024
0.018 0.022 0.018 0.022 0.022 0.018 0.022 0.018 0.022 0.022
0.018 0.022 0.018 0.022 0.022 0.018 0.022 0.018 0.022 0.022
0.018 0.022 0.018 0.022 0.022 0.018 0.022 0.018 0.022 0.022
0.015 0.015 0.015 0.015 0.015 0.016 0.015 0.015 0.015 0.015

iter 182
0.024 0.024 0.02 0.024 0.024 0.024 0.024 0.02 0.024 0.024
0.018 0.022 0.018 0.022 0.022 0.018 0.022 0.018 0.022 0.022
0.018 0.022 0.018 0.022 0.022 0.018 0.022 0.018 0.022 0.022
0.018 0.022 0.018 0.022 0.022 0.018 0.022 0.018 0.022 0.022
0.015 0.015 0.015 0.015 0.015 0.016 0.015 0.015 0.015 0.015

iter 183
0.024 0.024 0.02 0.024 0.024 0.024 0.024 0.02 0.024 0.024
0.018 0.022 0.018 0.022 0.022 0.018 0.022 0.018 0.022 0.022
0.018 0.022 0.018 0.022 0.022 0.018 0.022 0.018 0.022 0.022
0.018 0.022 0.018 0.022 0.022 0.018 0.022 0.018 0.022 0.022
0.015 0.015 0.015 0.015 0.015 0.016 0.015 0.015 0.015 0.015

iter 184
0.024 0.024 0.02 0.024 0.024 0.024 0.024 0.02 0.024 0.024
0.018 0.022 0.018 0.022 0.022 0.018 0.022 0.018 0.022 0.022
0.018 0.022 0.018 0.022 0.022 0.018 0.022 0.018 0.022 0.022
0.018 0.022 0.018 0.022 0.022 0.018 0.022 0.018 0.022 0.022
0.015 0.015 0.015 0.015 0.015 0.016 0.015 0.015 0.015 0.015

iter 185
0.024 0.024 0.02 0.024 0.024 0.024 0.024 0.02 0.024 0.024
0.018 0.022 0.018 0.022 0.022 0.018 0.022 0.018 0.022 0.022
0.018 0.022 0.018 0.022 0.022 0.018 0.022 0.018 0.022 0.022
0.018 0.022 0.018 0.022 0.022 0.018 0.022 0.018 0.022 0.022
0.015 0.015 0.015 0.015 0.015 0.016 0.015 0.015 0.015 0.015

iter 186
0.024 0.024 0.02 0.024 0.024 0.024 0.024 0.02 0.024 0.024
0.018 0.022 0.018 0.022 0.022 0.018 0.022 0.018 0.022 0.022
0.018 0.022 0.018 0.022 0.022 0.018 0.022 0.018 0.022 0.022
0.018 0.022 0.018 0.022 0.022 0.018 0.022 0.018 0.022 0.022
0.015 0.015 0.015 0.015 0.015 0.016 0.015 0.015 0.015 0.015

iter 187
0.024 0.024 0.02 0.024 0.024 0.024 0.024 0.02 0.024 0.024
0.018 0.022 0.018 0.022 0.022 0.018 0.022 0.018 0.022 0.022
0.018 0.022 0.018 0.022 0.022 0.018 0.022 0.018 0.022 0.022
0.018 0.022 0.018 0.022 0.022 0.018 0.022 0.018 0.022 0.022
0.015 0.015 0.015 0.015 0.015 0.016 0.015 0.015 0.015 0.015

iter 188
0.024 0.024 0.02 0.024 0.024 0.024 0.024 0.02 0.024 0.024
0.018 0.022 0.018 0.022 0.022 0.018 0.022 0.018 0.022 0.022
0.018 0.022 0.018 0.022 0.022 0.018 0.022 0.018 0.022 0.022
0.018 0.022 0.018 0.022 0.022 0.018 0.022 0.018 0.022 0.022
0.015 0.015 0.015 0.015 0.015 0.016 0.015 0.015 0.015 0.015

iter 189
0.024 0.024 0.02 0.024 0.024 0.024 0.024 0.02 0.024 0.024
0.018 0.022 0.018 0.022 0.022 0.018 0.022 0.018 0.022 0.022
0.018 0.022 0.018 0.022 0.022 0.018 0.022 0.018 0.022 0.022
0.018 0.022 0.018 0.022 0.022 0.018 0.022 0.018 0.022 0.022
0.015 0.015 0.015 0.015 0.015 0.016 0.015 0.015 0.015 0.015

iter 190
0.024 0.024 0.02 0.024 0.024 0.024 0.024 0.02 0.024 0.024
0.018 0.022 0.018 0.022 0.022 0.018 0.022 0.018 0.022 0.022
0.018 0.022 0.018 0.022 0.022 0.018 0.022 0.018 0.022 0.022
0.018 0.022 0.018 0.022 0.022 0.018 0.022 0.018 0.022 0.022
0.015 0.015 0.015 0.015 0.015 0.016 0.015 0.015 0.015 0.015

iter 191
0.024 0.024 0.02 0.024 0.024 0.024 0.024 0.02 0.024 0.024
0.018 0.022 0.018 0.022 0.022 0.018 0.022 0.018 0.022 0.022
0.018 0.022 0.018 0.022 0.022 0.018 0.022 0.018 0.022 0.022
0.018 0.022 0.018 0.022 0.022 0.018 0.022 0.018 0.022 0.022
0.015 0.015 0.015 0.015 0.015 0.016 0.015 0.015 0.015 0.015

iter 192
0.024 0.024 0.02 0.024 0.024 0.024 0.024 0.02 0.024 0.024
0.018 0.022 0.018 0.022 0.022 0.018 0.022 0.018 0.022 0.022
0.018 0.022 0.018 0.022 0.022 0.018 0.022 0.018 0.022 0.022
0.018 0.022 0.018 0.022 0.022 0.018 0.022 0.018 0.022 0.022
0.015 0.015 0.015 0.015 0.015 0.016 0.015 0.015 0.015 0.015

iter 193
0.024 0.024 0.02 0.024 0.024 0.024 0.024 0.02 0.024 0.024
0.018 0.022 0.018 0.022 0.022 0.018 0.022 0.018 0.022 0.022
0.018 0.022 0.018 0.022 0.022 0.018 0.022 0.018 0.022 0.022
0.018 0.022 0.018 0.022 0.022 0.018 0.022 0.018 0.022 0.022
0.015 0.015 0.015 0.015 0.015 0.016 0.015 0.015 0.015 0.015

iter 194
0.024 0.024 0.02 0.024 0.024 0.024 0.024 0.02 0.024 0.024
0.018 0.022 0.018 0.022 0.022 0.018 0.022 0.018 0.022 0.022
0.018 0.022 0.018 0.022 0.022 0.018 0.022 0.018 0.022 0.022
0.018 0.022 0.018 0.022 0.022 0.018 0.022 0.018 0.022 0.022
0.015 0.015 0.015 0.015 0.015 0.016 0.015 0.015 0.015 0.015

iter 195
0.024 0.024 0.02 0.024 0.024 0.024 0.024 0.02 0.024 0.024
0.018 0.022 0.018 0.022 0.022 0.018 0.022 0.018 0.022 0.022
0.018 0.022 0.018 0.022 0.022 0.018 0.022 0.018 0.022 0.022
0.018 0.022 0.018 0.022 0.022 0.018 0.022 0.018 0.022 0.022
0.015 0.015 0.015 0.015 0.015 0.016 0.015 0.015 0.015 0.015

iter 196
0.024 0.024 0.02 0.024 0.024 0.024 0.024 0.02 0.024 0.024
0.018 0.022 0.018 0.022 0.022 0.018 0.022 0.018 0.022 0.022
0.018 0.022 0.018 0.022 0.022 0.018 0.022 0.018 0.022 0.022
0.018 0.022 0.018 0.022 0.022 0.018 0.022 0.018 0.022 0.022
0.015 0.015 0.015 0.015 0.015 0.016 0.015 0.015 0.015 0.015

iter 197
0.024 0.024 0.02 0.024 0.024 0.024 0.024 0.02 0.024 0.024
0.018 0.022 0.018 0.022 0.022 0.018 0.022 0.018 0.022 0.022
0.018 0.022 0.018 0.022 0.022 0.018 0.022 0.018 0.022 0.022
0.018 0.022 0.018 0.022 0.022 0.018 0.022 0.018 0.022 0.022
0.015 0.015 0.015 0.015 0.015 0.016 0.015 0.015 0.015 0.015

iter 198
0.024 0.024 0.02 0.024 0.024 0.024 0.024 0.02 0.024 0.024
0.018 0.022 0.018 0.022 0.022 0.018 0.022 0.018 0.022 0.022
0.018 0.022 0.018 0.022 0.022 0.018 0.022 0.018 0.022 0.022
0.018 0.022 0.018 0.022 0.022 0.018 0.022 0.018 0.022 0.022
0.015 0.015 0.015 0.015 0.015 0.016 0.015 0.015 0.015 0.015

iter 199
0.024 0.024 0.02 0.024 0.024 0.024 0.024 0.02 0.024 0.024
0.018 0.022 0.018 0.022 0.022 0.018 0.022 0.018 0.022 0.022
0.018 0.022 0.018 0.022 0.022 0.018 0.022 0.018 0.022 0.022
0.018 0.022 0.018 0.022 0.022 0.018 0.022 0.018 0.022 0.022
0.015 0.015 0.015 0.015 0.015 0.016 0.015 0.015 0.015 0.015

iter 200
0.024 0.024 0.02 0.024 0.024 0.024 0.024 0.02 0.024 0.024
0.018 0.022 0.018 0.022 0.022 0.018 0.022 0.018 0.022 0.022
0.018 0.022 0.018 0.022 0.022 0.018 0.022 0.018 0.022 0.022
0.018 0.022 0.018 0.022 0.022 0.018 0.022 0.018 0.022 0.022
0.015 0.015 0.015 0.015 0.015 0.016 0.015 0.015 0.015 0.015

iter 201
0.024 0.024 0.02 0.024 0.024 0.024 0.024 0.02 0.024 0.024
0.018 0.022 0.018 0.022 0.022 0.018 0.022 0.018 0.022 0.022
0.018 0.022 0.018 0.022 0.022 0.018 0.022 0.018 0.022 0.022
0.018 0.022 0.018 0.022 0.022 0.018 0.022 0.018 0.022 0.022
0.015 0.015 0.015 0.015 0.015 0.016 0.015 0.015 0.015 0.015

iter 202
0.024 0.024 0.02 0.024 0.024 0.024 0.024 0.02 0.024 0.024
0.018 0.022 0.018 0.022 0.022 0.018 0.022 0.018 0.022 0.022
0.018 0.022 0.018 0.022 0.022 0.018 0.022 0.018 0.022 0.022
0.018 0.022 0.018 0.022 0.022 0.018 0.022 0.018 0.022 0.022
0.015 0.015 0.015 0.015 0.015 0.016 0.015 0.015 0.015 0.015

iter 203
0.024 0.024 0.02 0.024 0.024 0.024 0.024 0.02 0.024 0.024
0.018 0.022 0.018 0.022 0.022 0.018 0.022 0.018 0.022 0.022
0.018 0.022 0.018 0.022 0.022 0.018 0.022 0.018 0.022 0.022
0.018 0.022 0.018 0.022 0.022 0.018 0.022 0.018 0.022 0.022
0.015 0.015 0.015 0.015 0.015 0.016 0.015 0.015 0.015 0.015

iter 204
0.024 0.024 0.02 0.024 0.024 0.024 0.024 0.02 0.024 0.024
0.018 0.022 0.018 0.022 0.022 0.018 0.022 0.018 0.022 0.022
0.018 0.022 0.018 0.022 0.022 0.018 0.022 0.018 0.022 0.022
0.018 0.022 0.018 0.022 0.022 0.018 0.022 0.018 0.022 0.022
0.015 0.015 0.015 0.015 0.015 0.016 0.015 0.015 0.015 0.015

iter 205
0.024 0.024 0.02 0.024 0.024 0.024 0.024 0.02 0.024 0.024
0.018 0.022 0.018 0.022 0.022 0.018 0.022 0.018 0.022 0.022
0.018 0.022 0.018 0.022 0.022 0.018 0.022 0.018 0.022 0.022
0.018 0.022 0.018 0.022 0.022 0.018 0.022 0.018 0.022 0.022
0.015 0.015 0.015 0.015 0.015 0.016 0.015 0.015 0.015 0.015

iter 206
0.024 0.024 0.02 0.024 0.024 0.024 0.024 0.02 0.024 0.024
0.018 0.022 0.018 0.022 0.022 0.018 0.022 0.018 0.022 0.022
0.018 0.022 0.018 0.022 0.022 0.018 0.022 0.018 0.022 0.022
0.018 0.022 0.018 0.022 0.022 0.018 0.022 0.018 0.022 0.022
0.015 0.015 0.015 0.015 0.015 0.016 0.015 0.015 0.015 0.015

iter 207
0.024 0.024 0.02 0.024 0.024 0.024 0.024 0.02 0.024 0.024
0.018 0.022 0.018 0.022 0.022 0.018 0.022 0.018 0.022 0.022
0.018 0.022 0.018 0.022 0.022 0.018 0.022 0.018 0.022 0.022
0.018 0.022 0.018 0.022 0.022 0.018 0.022 0.018 0.022 0.022
0.015 0.015 0.015 0.015 0.015 0.016 0.015 0.015 0.015 0.015

iter 208
0.024 0.024 0.02 0.024 0.024 0.024 0.024 0.02 0.024 0.024
0.018 0.022 0.018 0.022 0.022 0.018 0.022 0.018 0.022 0.022
0.018 0.022 0.018 0.022 0.022 0.018 0.022 0.018 0.022 0.022
0.018 0.022 0.018 0.022 0.022 0.018 0.022 0.018 0.022 0.022
0.015 0.015 0.015 0.015 0.015 0.016 0.015 0.015 0.015 0.015

iter 209
0.024 0.024 0.02 0.024 0.024 0.024 0.024 0.02 0.024 0.024
0.018 0.022 0.018 0.022 0.022 0.018 0.022 0.018 0.022 0.022
0.018 0.022 0.018 0.022 0.022 0.018 0.022 0.018 0.022 0.022
0.018 0.022 0.018 0.022 0.022 0.018 0.022 0.018 0.022 0.022
0.015 0.015 0.015 0.015 0.015 0.016 0.015 0.015 0.015 0.015

iter 210
0.024 0.024 0.02 0.024 0.024 0.024 0.024 0.02 0.024 0.024
0.018 0.022 0.018 0.022 0.022 0.018 0.022 0.018 0.022 0.022
0.018 0.022 0.018 0.022 0.022 0.018 0.022 0.018 0.022 0.022
0.018 0.022 0.018 0.022 0.022 0.018 0.022 0.018 0.022 0.022
0.015 0.015 0.015 0.015 0.015 0.016 0.015 0.015 0.015 0.015

iter 211
0.024 0.024 0.02 0.024 0.024 0.024 0.024 0.02 0.024 0.024
0.018 0.022 0.018 0.022 0.022 0.018 0.022 0.018 0.022 0.022
0.018 0.022 0.018 0.022 0.022 0.018 0.022 0.018 0.022 0.022
0.018 0.022 0.018 0.022 0.022 0.018 0.022 0.018 0.022 0.022
0.015 0.015 0.015 0.015 0.015 0.016 0.015 0.015 0.015 0.015

iter 212
0.024 0.024 0.02 0.024 0.024 0.024 0.024 0.02 0.024 0.024
0.018 0.022 0.018 0.022 0.022 0.018 0.022 0.018 0.022 0.022
0.018 0.022 0.018 0.022 0.022 0.018 0.022 0.018 0.022 0.022
0.018 0.022 0.018 0.022 0.022 0.018 0.022 0.018 0.022 0.022
0.015 0.015 0.015 0.015 0.015 0.016 0.015 0.015 0.015 0.015

iter 213
0.024 0.024 0.02 0.024 0.024 0.024 0.024 0.02 0.024 0.024
0.018 0.022 0.018 0.022 0.022 0.018 0.022 0.018 0.022 0.022
0.018 0.022 0.018 0.022 0.022 0.018 0.022 0.018 0.022 0.022
0.018 0.022 0.018 0.022 0.022 0.018 0.022 0.018 0.022 0.022
0.015 0.015 0.015 0.015 0.015 0.016 0.015 0.015 0.015 0.015

iter 214
0.024 0.024 0.02 0.024 0.024 0.024 0.024 0.02 0.024 0.024
0.018 0.022 0.018 0.022 0.022 0.018 0.022 0.018 0.022 0.022
0.018 0.022 0.018 0.022 0.022 0.018 0.022 0.018 0.022 0.022
0.018 0.022 0.018 0.022 0.022 0.018 0.022 0.018 0.022 0.022
0.015 0.015 0.015 0.015 0.015 0.016 0.015 0.015 0.015 0.015

iter 215
0.024 0.024 0.02 0.024 0.024 0.024 0.024 0.02 0.024 0.024
0.018 0.022 0.018 0.022 0.022 0.018 0.022 0.018 0.022 0.022
0.018 0.022 0.018 0.022 0.022 0.018 0.022 0.018 0.022 0.022
0.018 0.022 0.018 0.022 0.022 0.018 0.022 0.018 0.022 0.022
0.015 0.015 0.015 0.015 0.015 0.016 0.015 0.015 0.015 0.015

iter 216
0.024 0.024 0.02 0.024 0.024 0.024 0.024 0.02 0.024 0.024
0.018 0.022 0.018 0.022 0.022 0.018 0.022 0.018 0.022 0.022
0.018 0.022 0.018 0.022 0.022 0.018 0.022 0.018 0.022 0.022
0.018 0.022 0.018 0.022 0.022 0.018 0.022 0.018 0.022 0.022
0.015 0.015 0.015 0.015 0.015 0.016 0.015 0.015 0.015 0.015

iter 217
0.024 0.024 0.02 0.024 0.024 0.024 0.024 0.02 0.024 0.024
0.018 0.022 0.018 0.022 0.022 0.018 0.022 0.018 0.022 0.022
0.018 0.022 0.018 0.022 0.022 0.018 0.022 0.018 0.022 0.022
0.018 0.022 0.018 0.022 0.022 0.018 0.022 0.018 0.022 0.022
0.015 0.015 0.015 0.015 0.015 0.016 0.015 0.015 0.015 0.015

iter 218
0.024 0.024 0.02 0.024 0.024 0.024 0.024 0.02 0.024 0.024
0.018 0.022 0.018 0.022 0.022 0.018 0.022 0.018 0.022 0.022
0.018 0.022 0.018 0.022 0.022 0.018 0.022 0.018 0.022 0.022
0.018 0.022 0.018 0.022 0.022 0.018 0.022 0.018 0.022 0.022
0.015 0.015 0.015 0.015 0.015 0.016 0.015 0.015 0.015 0.015

iter 219
0.024 0.024 0.02 0.024 0.024 0.024 0.024 0.02 0.024 0.024
0.018 0.022 0.018 0.022 0.022 0.018 0.022 0.018 0.022 0.022
0.018 0.022 0.018 0.022 0.022 0.018 0.022 0.018 0.022 0.022
0.018 0.022 0.018 0.022 0.022 0.018 0.022 0.018 0.022 0.022
0.015 0.015 0.015 0.015 0.015 0.016 0.015 0.015 0.015 0.015

iter 220
0.024 0.024 0.02 0.024 0.024 0.024 0.024 0.02 0.024 0.024
0.018 0.022 0.018 0.022 0.022 0.018 0.022 0.018 0.022 0.022
0.018 0.022 0.018 0.022 0.022 0.018 0.022 0.018 0.022 0.022
0.018 0.022 0.018 0.022 0.022 0.018 0.022 0.018 0.022 0.022
0.015 0.015 0.015 0.015 0.015 0.016 0.015 0.015 0.015 0.015

iter 221
0.024 0.024 0.02 0.024 0.024 0.024 0.024 0.02 0.024 0.024
0.018 0.022 0.018 0.022 0.022 0.018 0.022 0.018 0.022 0.022
0.018 0.022 0.018 0.022 0.022 0.018 0.022 0.018 0.022 0.022
0.018 0.022 0.018 0.022 0.022 0.018 0.022 0.018 0.022 0.022
0.015 0.015 0.015 0.015 0.015 0.016 0.015 0.015 0.015 0.015

iter 222
0.024 0.024 0.02 0.024 0.024 0.024 0.024 0.02 0.024 0.024
0.018 0.022 0.018 0.022 0.022 0.018 0.022 0.018 0.022 0.022
0.018 0.022 0.018 0.022 0.022 0.018 0.022 0.018 0.022 0.022
0.018 0.022 0.018 0.022 0.022 0.018 0.022 0.018 0.022 0.022
0.015 0.015 0.015 0.015 0.015 0.016 0.015 0.015 0.015 0.015

iter 223
0.024 0.024 0.02 0.024 0.024 0.024 0.024 0.02 0.024 0.024
0.018 0.022 0.018 0.022 0.022 0.018 0.022 0.018 0.022 0.022
0.018 0.022 0.018 0.022 0.022 0.018 0.022 0.018 0.022 0.022
0.018 0.022 0.018 0.022 0.022 0.018 0.022 0.018 0.022 0.022
0.015 0.015 0.015 0.015 0.015 0.016 0.015 0.015 0.015 0.015

iter 224
0.024 0.024 0.02 0.024 0.024 0.024 0.024 0.02 0.024 0.024
0.018 0.022 0.018 0.022 0.022 0.018 0.022 0.018 0.022 0.022
0.018 0.022 0.018 0.022 0.022 0.018 0.022 0.018 0.022 0.022
0.018 0.022 0.018 0.022 0.022 0.018 0.022 0.018 0.022 0.022
0.015 0.015 0.015 0.015 0.015 0.016 0.015 0.015 0.015 0.015

iter 225
0.024 0.024 0.02 0.024 0.024 0.024 0.024 0.02 0.024 0.024
0.018 0.022 0.018 0.022 0.022 0.018 0.022 0.018 0.022 0.022
0.018 0.022 0.018 0.022 0.022 0.018 0.022 0.018 0.022 0.022
0.018 0.022 0.018 0.022 0.022 0.018 0.022 0.018 0.022 0.022
0.015 0.015 0.015 0.015 0.015 0.016 0.015 0.015 0.015 0.015

iter 226
0.024 0.024 0.02 0.024 0.024 0.024 0.024 0.02 0.024 0.024
0.018 0.022 0.018 0.022 0.022 0.018 0.022 0.018 0.022 0.022
0.018 0.022 0.018 0.022 0.022 0.018 0.022 0.018 0.022 0.022
0.018 0.022 0.018 0.022 0.022 0.018 0.022 0.018 0.022 0.022
0.015 0.015 0.015 0.015 0.015 0.016 0.015 0.015 0.015 0.015

iter 227
0.024 0.024 0.02 0.024 0.024 0.024 0.024 0.02 0.024 0.024
0.018 0.022 0.018 0.022 0.022 0.018 0.022 0.018 0.022 0.022
0.018 0.022 0.018 0.022 0.022 0.018 0.022 0.018 0.022 0.022
0.018 0.022 0.018 0.022 0.022 0.018 0.022 0.018 0.022 0.022
0.015 0.015 0.015 0.015 0.015 0.016 0.015 0.015 0.015 0.015

iter 228
0.024 0.024 0.02 0.024 0.024 0.024 0.024 0.02 0.024 0.024
0.018 0.022 0.018 0.022 0.022 0.018 0.022 0.018 0.022 0.022
0.018 0.022 0.018 0.022 0.022 0.018 0.022 0.018 0.022 0.022
0.018 0.022 0.018 0.022 0.022 0.018 0.022 0.018 0.022 0.022
0.015 0.015 0.015 0.015 0.015 0.016 0.015 0.015 0.015 0.015

iter 229
0.024 0.024 0.02 0.024 0.024 0.024 0.024 0.02 0.024 0.024
0.018 0.022 0.018 0.022 0.022 0.018 0.022 0.018 0.022 0.022
0.018 0.022 0.018 0.022 0.022 0.018 0.022 0.018 0.022 0.022
0.018 0.022 0.018 0.022 0.022 0.018 0.022 0.018 0.022 0.022
0.015 0.015 0.015 0.015 0.015 0.016 0.015 0.015 0.015 0.015

iter 230
0.024 0.024 0.02 0.024 0.024 0.024 0.024 0.02 0.024 0.024
0.018 0.022 0.018 0.022 0.022 0.018 0.022 0.018 0.022 0.022
0.018 0.022 0.018 0.022 0.022 0.018 0.022 0.018 0.022 0.022
0.018 0.022 0.018 0.022 0.022 0.018 0.022 0.018 0.022 0.022
0.015 0.015 0.015 0.015 0.015 0.016 0.015 0.015 0.015 0.015

iter 231
0.024 0.024 0.02 0.024 0.024 0.024 0.024 0.02 0.024 0.024
0.018 0.022 0.018 0.022 0.022 0.018 0.022 0.018 0.022 0.022
0.018 0.022 0.018 0.022 0.022 0.018 0.022 0.018 0.022 0.022
0.018 0.022 0.018 0.022 0.022 0.018 0.022 0.018 0.022 0.022
0.015 0.015 0.015 0.015 0.015 0.016 0.015 0.015 0.015 0.015

iter 232
0.024 0.024 0.02 0.024 0.024 0.024 0.024 0.02 0.024 0.024
0.018 0.022 0.018 0.022 0.022 0.018 0.022 0.018 0.022 0.022
0.018 0.022 0.018 0.022 0.022 0.018 0.022 0.018 0.022 0.022
0.018 0.022 0.018 0.022 0.022 0.018 0.022 0.018 0.022 0.022
0.015 0.015 0.015 0.015 0.015 0.016 0.015 0.015 0.015 0.015

iter 233
0.024 0.024 0.02 0.024 0.024 0.024 0.024 0.02 0.024 0.024
0.018 0.022 0.018 0.022 0.022 0.018 0.022 0.018 0.022 0.022
0.018 0.022 0.018 0.022 0.022 0.018 0.022 0.018 0.022 0.022
0.018 0.022 0.018 0.022 0.022 0.018 0.022 0.018 0.022 0.022
0.015 0.015 0.015 0.015 0.015 0.016 0.015 0.015 0.015 0.015

iter 234
0.024 0.024 0.02 0.024 0.024 0.024 0.024 0.02 0.024 0.024
0.018 0.022 0.018 0.022 0.022 0.018 0.022 0.018 0.022 0.022
0.018 0.022 0.018 0.022 0.022 0.018 0.022 0.018 0.022 0.022
0.018 0.022 0.018 0.022 0.022 0.018 0.022 0.018 0.022 0.022
0.015 0.015 0.015 0.015 0.015 0.016 0.015 0.015 0.015 0.015

iter 235
0.024 0.024 0.02 0.024 0.024 0.024 0.024 0.02 0.024 0.024
0.018 0.022 0.018 0.022 0.022 0.018 0.022 0.018 0.022 0.022
0.018 0.022 0.018 0.022 0.022 0.018 0.022 0.018 0.022 0.022
0.018 0.022 0.018 0.022 0.022 0.018 0.022 0.018 0.022 0.022
0.015 0.015 0.015 0.015 0.015 0.016 0.015 0.015 0.015 0.015

iter 236
0.024 0.024 0.02 0.024 0.024 0.024 0.024 0.02 0.024 0.024
0.018 0.022 0.018 0.022 0.022 0.018 0.022 0.018 0.022 0.022
0.018 0.022 0.018 0.022 0.022 0.018 0.022 0.018 0.022 0.022
0.018 0.022 0.018 0.022 0.022 0.018 0.022 0.018 0.022 0.022
0.015 0.015 0.015 0.015 0.015 0.016 0.015 0.015 0.015 0.015

iter 237
0.024 0.024 0.02 0.024 0.024 0.024 0.024 0.02 0.024 0.024
0.018 0.022 0.018 0.022 0.022 0.018 0.022 0.018 0.022 0.022
0.018 0.022 0.018 0.022 0.022 0.018 0.022 0.018 0.022 0.022
0.018 0.022 0.018 0.022 0.022 0.018 0.022 0.018 0.022 0.022
0.015 0.015 0.015 0.015 0.015 0.016 0.015 0.015 0.015 0.015

iter 238
0.024 0.024 0.02 0.024 0.024 0.024 0.024 0.02 0.024 0.024
0.018 0.022 0.018 0.022 0.022 0.018 0.022 0.018 0.022 0.022
0.018 0.022 0.018 0.022 0.022 0.018 0.022 0.018 0.022 0.022
0.018 0.022 0.018 0.022 0.022 0.018 0.022 0.018 0.022 0.022
0.015 0.015 0.015 0.015 0.015 0.016 0.015 0.015 0.015 0.015

iter 239
0.024 0.024 0.02 0.024 0.024 0.024 0.024 0.02 0.024 0.024
0.018 0.022 0.018 0.022 0.022 0.018 0.022 0.018 0.022 0.022
0.018 0.022 0.018 0.022 0.022 0.018 0.022 0.018 0.022 0.022
0.018 0.022 0.018 0.022 0.022 0.018 0.022 0.018 0.022 0.022
0.015 0.015 0.015 0.015 0.015 0.016 0.015 0.015 0.015 0.015

iter 240
0.024 0.024 0.02 0.024 0.024 0.024 0.024 0.02 0.024 0.024
0.018 0.022 0.018 0.022 0.022 0.018 0.022 0.018 0.022 0.022
0.018 0.022 0.018 0.022 0.022 0.018 0.022 0.018 0.022 0.022
0.018 0.022 0.018 0.022 0.022 0.018 0.022 0.018 0.022 0.022
0.015 0.015 0.015 0.015 0.015 0.016 0.015 0.015 0.015 0.015

iter 241
0.024 0.024 0.02 0.024 0.024 0.024 0.024 0.02 0.024 0.024
0.018 0.022 0.018 0.022 0.022 0.018 0.022 0.018 0.022 0.022
0.018 0.022 0.018 0.022 0.022 0.018 0.022 0.018 0.022 0.022
0.018 0.022 0.018 0.022 0.022 0.018 0.022 0.018 0.022 0.022
0.015 0.015 0.015 0.015 0.015 0.016 0.015 0.015 0.015 0.015

iter 242
0.024 0.024 0.02 0.024 0.024 0.024 0.024 0.02 0.024 0.024
0.018 0.022 0.018 0.022 0.022 0.018 0.022 0.018 0.022 0.022
0.018 0.022 0.018 0.022 0.022 0.018 0.022 0.018 0.022 0.022
0.018 0.022 0.018 0.022 0.022 0.018 0.022 0.018 0.022 0.022
0.015 0.015 0.015 0.015 0.015 0.016 0.015 0.015 0.015 0.015

iter 243
0.024 0.024 0.02 0.024 0.024 0.024 0.024 0.02 0.024 0.024
0.018 0.022 0.018 0.022 0.022 0.018 0.022 0.018 0.022 0.022
0.018 0.022 0.018 0.022 0.022 0.018 0.022 0.018 0.022 0.022
0.018 0.022 0.018 0.022 0.022 0.018 0.022 0.018 0.022 0.022
0.015 0.015 0.015 0.015 0.015 0.016 0.015 0.015 0.015 0.015

iter 244
0.024 0.024 0.02 0.024 0.024 0.024 0.024 0.02 0.024 0.024
0.018 0.022 0.018 0.022 0.022 0.018 0.022 0.018 0.022 0.022
0.018 0.022 0.018 0.022 0.022 0.018 0.022 0.018 0.022 0.022
0.018 0.022 0.018 0.022 0.022 0.018 0.022 0.018 0.022 0.022
0.015 0.015 0.015 0.015 0.015 0.016 0.015 0.015 0.015 0.015

iter 245
0.024 0.024 0.02 0.024 0.024 0.024 0.024 0.02 0.024 0.024
0.018 0.022 0.018 0.022 0.022 0.018 0.022 0.018 0.022 0.022
0.018 0.022 0.018 0.022 0.022 0.018 0.022 0.018 0.022 0.022
0.018 0.022 0.018 0.022 0.022 0.018 0.022 0.018 0.022 0.022
0.015 0.015 0.015 0.015 0.015 0.016 0.015 0.015 0.015 0.015

iter 246
0.024 0.024 0.02 0.024 0.024 0.024 0.024 0.02 0.024 0.024
0.018 0.022 0.018 0.022 0.022 0.018 0.022 0.018 0.022 0.022
0.018 0.022 0.018 0.022 0.022 0.018 0.022 0.018 0.022 0.022
0.018 0.022 0.018 0.022 0.022 0.018 0.022 0.018 0.022 0.022
0.015 0.015 0.015 0.015 0.015 0.016 0.015 0.015 0.015 0.015

iter 247
0.024 0.024 0.02 0.024 0.024 0.024 0.024 0.02 0.024 0.024
0.018 0.022 0.018 0.022 0.022 0.018 0.022 0.018 0.022 0.022
0.018 0.022 0.018 0.022 0.022 0.018 0.022 0.018 0.022 0.022
0.018 0.022 0.018 0.022 0.022 0.018 0.022 0.018 0.022 0.022
0.015 0.015 0.015 0.015 0.015 0.016 0.015 0.015 0.015 0.015

iter 248
0.024 0.024 0.02 0.024 0.024 0.024 0.024 0.02 0.024 0.024
0.018 0.022 0.018 0.022 0.022 0.018 0.022 0.018 0.022 0.022
0.018 0.022 0.018 0.022 0.022 0.018 0.022 0.018 0.022 0.022
0.018 0.022 0.018 0.022 0.022 0.018 0.022 0.018 0.022 0.022
0.015 0.015 0.015 0.015 0.015 0.016 0.015 0.015 0.015 0.015

iter 249
0.024 0.024 0.02 0.024 0.024 0.024 0.024 0.02 0.024 0.024
0.018 0.022 0.018 0.022 0.022 0.018 0.022 0.018 0.022 0.022
0.018 0.022 0.018 0.022 0.022 0.018 0.022 0.018 0.022 0.022
0.018 0.022 0.018 0.022 0.022 0.018 0.022 0.018 0.022 0.022
0.015 0.015 0.015 0.015 0.015 0.016 0.015 0.015 0.015 0.015

