iter 0
[[ 0.97943193]
 [ 0.01958864]
 [ 0.00097943]]

iter 1
[[ 0.58891479]
 [ 0.2579383 ]
 [ 0.15314691]]

iter 2
[[ 0.77174291]
 [ 0.15061886]
 [ 0.07763823]]

iter 3
[[ 0.61633901]
 [ 0.24184038]
 [ 0.14182061]]

iter 4
[[ 0.70667077]
 [ 0.20592304]
 [ 0.08740619]]

iter 5
[[ 0.62988877]
 [ 0.23645278]
 [ 0.13365845]]

iter 6
[[ 0.67886152]
 [ 0.22664937]
 [ 0.09448911]]

iter 7
[[ 0.63723468]
 [ 0.23498227]
 [ 0.12778305]]

iter 8
[[ 0.6658777 ]
 [ 0.23421022]
 [ 0.09991208]]

iter 9
[[ 0.64153114]
 [ 0.23486646]
 [ 0.1236024 ]]

iter 10
[[ 0.65931204]
 [ 0.23678792]
 [ 0.10390003]]

iter 11
[[ 0.64419827]
 [ 0.23515468]
 [ 0.12064705]]

iter 12
[[ 0.65572071]
 [ 0.23750953]
 [ 0.10676976]]

iter 13
[[ 0.64592664]
 [ 0.23550791]
 [ 0.11856545]]

iter 14
[[ 0.65361333]
 [ 0.23757539]
 [ 0.10881128]]

iter 15
[[ 0.64707964]
 [ 0.23581803]
 [ 0.11710233]]

iter 16
[[ 0.65230463]
 [ 0.2374409 ]
 [ 0.11025448]]

iter 17
[[ 0.64786339]
 [ 0.23606146]
 [ 0.11607515]]

iter 18
[[ 0.65145721]
 [ 0.23727173]
 [ 0.11127106]]

iter 19
[[ 0.64840246]
 [ 0.236243  ]
 [ 0.11535454]]

iter 20
[[ 0.65089246]
 [ 0.23712189]
 [ 0.11198565]]

iter 21
[[ 0.64877596]
 [ 0.23637483]
 [ 0.1148492 ]]

iter 22
[[ 0.65050891]
 [ 0.23700374]
 [ 0.11248736]]

iter 23
[[ 0.6490359 ]
 [ 0.23646917]
 [ 0.11449493]]

iter 24
[[ 0.65024526]
 [ 0.2369154 ]
 [ 0.11283934]]

iter 25
[[ 0.64921731]
 [ 0.2365361 ]
 [ 0.11424659]]

iter 26
[[ 0.65006268]
 [ 0.23685115]
 [ 0.11308617]]

iter 27
[[ 0.64934411]
 [ 0.23658336]
 [ 0.11407253]]

iter 28
[[ 0.64993564]
 [ 0.23680514]
 [ 0.11325923]]

iter 29
[[ 0.64943284]
 [ 0.23661663]
 [ 0.11395053]]

iter 30
[[ 0.649847  ]
 [ 0.23677247]
 [ 0.11338053]]

iter 31
[[ 0.64949497]
 [ 0.23664   ]
 [ 0.11386503]]

iter 32
[[ 0.64978505]
 [ 0.2367494 ]
 [ 0.11346556]]

iter 33
[[ 0.64953848]
 [ 0.23665641]
 [ 0.11380511]]

iter 34
[[ 0.6497417 ]
 [ 0.23673315]
 [ 0.11352515]]

iter 35
[[ 0.64956896]
 [ 0.23666792]
 [ 0.11376312]]

iter 36
[[ 0.64971135]
 [ 0.23672174]
 [ 0.11356691]]

iter 37
[[ 0.64959032]
 [ 0.236676  ]
 [ 0.11373369]]

iter 38
[[ 0.6496901 ]
 [ 0.23671372]
 [ 0.11359618]]

iter 39
[[ 0.64960529]
 [ 0.23668165]
 [ 0.11371306]]

iter 40
[[ 0.6496752]
 [ 0.2367081]
 [ 0.1136167]]

iter 41
[[ 0.64961577]
 [ 0.23668562]
 [ 0.11369861]]

iter 42
[[ 0.64966477]
 [ 0.23670416]
 [ 0.11363107]]

iter 43
[[ 0.64962312]
 [ 0.2366884 ]
 [ 0.11368848]]

iter 44
[[ 0.64965746]
 [ 0.23670139]
 [ 0.11364115]]

iter 45
[[ 0.64962827]
 [ 0.23669035]
 [ 0.11368138]]

iter 46
[[ 0.64965234]
 [ 0.23669945]
 [ 0.11364821]]

iter 47
[[ 0.64963188]
 [ 0.23669172]
 [ 0.1136764 ]]

iter 48
[[ 0.64964875]
 [ 0.2366981 ]
 [ 0.11365316]]

iter 49
[[ 0.64963441]
 [ 0.23669267]
 [ 0.11367291]]

iter 50
[[ 0.64964623]
 [ 0.23669714]
 [ 0.11365662]]

iter 51
[[ 0.64963619]
 [ 0.23669334]
 [ 0.11367047]]

iter 52
[[ 0.64964447]
 [ 0.23669648]
 [ 0.11365906]]

iter 53
[[ 0.64963743]
 [ 0.23669381]
 [ 0.11366876]]

iter 54
[[ 0.64964323]
 [ 0.23669601]
 [ 0.11366076]]

iter 55
[[ 0.6496383 ]
 [ 0.23669414]
 [ 0.11366756]]

iter 56
[[ 0.64964237]
 [ 0.23669568]
 [ 0.11366195]]

iter 57
[[ 0.64963891]
 [ 0.23669437]
 [ 0.11366672]]

iter 58
[[ 0.64964176]
 [ 0.23669545]
 [ 0.11366279]]

iter 59
[[ 0.64963934]
 [ 0.23669454]
 [ 0.11366613]]

iter 60
[[ 0.64964133]
 [ 0.23669529]
 [ 0.11366337]]

iter 61
[[ 0.64963964]
 [ 0.23669465]
 [ 0.11366572]]

iter 62
[[ 0.64964104]
 [ 0.23669518]
 [ 0.11366379]]

iter 63
[[ 0.64963985]
 [ 0.23669473]
 [ 0.11366543]]

iter 64
[[ 0.64964083]
 [ 0.2366951 ]
 [ 0.11366407]]

iter 65
[[ 0.64963999]
 [ 0.23669478]
 [ 0.11366522]]

iter 66
[[ 0.64964068]
 [ 0.23669504]
 [ 0.11366428]]

iter 67
[[ 0.6496401 ]
 [ 0.23669482]
 [ 0.11366508]]

iter 68
[[ 0.64964058]
 [ 0.23669501]
 [ 0.11366442]]

iter 69
[[ 0.64964017]
 [ 0.23669485]
 [ 0.11366498]]

iter 70
[[ 0.64964051]
 [ 0.23669498]
 [ 0.11366452]]

iter 71
[[ 0.64964022]
 [ 0.23669487]
 [ 0.11366491]]

iter 72
[[ 0.64964046]
 [ 0.23669496]
 [ 0.11366458]]

iter 73
[[ 0.64964025]
 [ 0.23669488]
 [ 0.11366486]]

iter 74
[[ 0.64964042]
 [ 0.23669495]
 [ 0.11366463]]

iter 75
[[ 0.64964028]
 [ 0.23669489]
 [ 0.11366483]]

iter 76
[[ 0.6496404 ]
 [ 0.23669494]
 [ 0.11366467]]

iter 77
[[ 0.6496403]
 [ 0.2366949]
 [ 0.1136648]]

iter 78
[[ 0.64964038]
 [ 0.23669493]
 [ 0.11366469]]

iter 79
[[ 0.64964031]
 [ 0.2366949 ]
 [ 0.11366479]]

iter 80
[[ 0.64964037]
 [ 0.23669493]
 [ 0.11366471]]

iter 81
[[ 0.64964032]
 [ 0.23669491]
 [ 0.11366478]]

iter 82
[[ 0.64964036]
 [ 0.23669492]
 [ 0.11366472]]

iter 83
[[ 0.64964032]
 [ 0.23669491]
 [ 0.11366477]]

iter 84
[[ 0.64964035]
 [ 0.23669492]
 [ 0.11366473]]

iter 85
[[ 0.64964033]
 [ 0.23669491]
 [ 0.11366476]]

iter 86
[[ 0.64964035]
 [ 0.23669492]
 [ 0.11366473]]

iter 87
[[ 0.64964033]
 [ 0.23669491]
 [ 0.11366476]]

iter 88
[[ 0.64964034]
 [ 0.23669492]
 [ 0.11366474]]

iter 89
[[ 0.64964033]
 [ 0.23669491]
 [ 0.11366475]]

iter 90
[[ 0.64964034]
 [ 0.23669492]
 [ 0.11366474]]

iter 91
[[ 0.64964033]
 [ 0.23669491]
 [ 0.11366475]]

iter 92
[[ 0.64964034]
 [ 0.23669492]
 [ 0.11366474]]

iter 93
[[ 0.64964034]
 [ 0.23669491]
 [ 0.11366475]]

iter 94
[[ 0.64964034]
 [ 0.23669492]
 [ 0.11366474]]

iter 95
[[ 0.64964034]
 [ 0.23669491]
 [ 0.11366475]]

iter 96
[[ 0.64964034]
 [ 0.23669491]
 [ 0.11366475]]

iter 97
[[ 0.64964034]
 [ 0.23669491]
 [ 0.11366475]]

iter 98
[[ 0.64964034]
 [ 0.23669491]
 [ 0.11366475]]

iter 99
[[ 0.64964034]
 [ 0.23669491]
 [ 0.11366475]]

iter 100
[[ 0.64964034]
 [ 0.23669491]
 [ 0.11366475]]

iter 101
[[ 0.64964034]
 [ 0.23669491]
 [ 0.11366475]]

iter 102
[[ 0.64964034]
 [ 0.23669491]
 [ 0.11366475]]

iter 103
[[ 0.64964034]
 [ 0.23669491]
 [ 0.11366475]]

iter 104
[[ 0.64964034]
 [ 0.23669491]
 [ 0.11366475]]

iter 105
[[ 0.64964034]
 [ 0.23669491]
 [ 0.11366475]]

iter 106
[[ 0.64964034]
 [ 0.23669491]
 [ 0.11366475]]

iter 107
[[ 0.64964034]
 [ 0.23669491]
 [ 0.11366475]]

iter 108
[[ 0.64964034]
 [ 0.23669491]
 [ 0.11366475]]

iter 109
[[ 0.64964034]
 [ 0.23669491]
 [ 0.11366475]]

iter 110
[[ 0.64964034]
 [ 0.23669491]
 [ 0.11366475]]

iter 111
[[ 0.64964034]
 [ 0.23669491]
 [ 0.11366475]]

iter 112
[[ 0.64964034]
 [ 0.23669491]
 [ 0.11366475]]

iter 113
[[ 0.64964034]
 [ 0.23669491]
 [ 0.11366475]]

iter 114
[[ 0.64964034]
 [ 0.23669491]
 [ 0.11366475]]

iter 115
[[ 0.64964034]
 [ 0.23669491]
 [ 0.11366475]]

iter 116
[[ 0.64964034]
 [ 0.23669491]
 [ 0.11366475]]

iter 117
[[ 0.64964034]
 [ 0.23669491]
 [ 0.11366475]]

iter 118
[[ 0.64964034]
 [ 0.23669491]
 [ 0.11366475]]

iter 119
[[ 0.64964034]
 [ 0.23669491]
 [ 0.11366475]]

iter 120
[[ 0.64964034]
 [ 0.23669491]
 [ 0.11366475]]

iter 121
[[ 0.64964034]
 [ 0.23669491]
 [ 0.11366475]]

iter 122
[[ 0.64964034]
 [ 0.23669491]
 [ 0.11366475]]

iter 123
[[ 0.64964034]
 [ 0.23669491]
 [ 0.11366475]]

iter 124
[[ 0.64964034]
 [ 0.23669491]
 [ 0.11366475]]

iter 125
[[ 0.64964034]
 [ 0.23669491]
 [ 0.11366475]]

iter 126
[[ 0.64964034]
 [ 0.23669491]
 [ 0.11366475]]

iter 127
[[ 0.64964034]
 [ 0.23669491]
 [ 0.11366475]]

iter 128
[[ 0.64964034]
 [ 0.23669491]
 [ 0.11366475]]

iter 129
[[ 0.64964034]
 [ 0.23669491]
 [ 0.11366475]]

iter 130
[[ 0.64964034]
 [ 0.23669491]
 [ 0.11366475]]

iter 131
[[ 0.64964034]
 [ 0.23669491]
 [ 0.11366475]]

iter 132
[[ 0.64964034]
 [ 0.23669491]
 [ 0.11366475]]

iter 133
[[ 0.64964034]
 [ 0.23669491]
 [ 0.11366475]]

iter 134
[[ 0.64964034]
 [ 0.23669491]
 [ 0.11366475]]

iter 135
[[ 0.64964034]
 [ 0.23669491]
 [ 0.11366475]]

iter 136
[[ 0.64964034]
 [ 0.23669491]
 [ 0.11366475]]

iter 137
[[ 0.64964034]
 [ 0.23669491]
 [ 0.11366475]]

iter 138
[[ 0.64964034]
 [ 0.23669491]
 [ 0.11366475]]

iter 139
[[ 0.64964034]
 [ 0.23669491]
 [ 0.11366475]]

iter 140
[[ 0.64964034]
 [ 0.23669491]
 [ 0.11366475]]

iter 141
[[ 0.64964034]
 [ 0.23669491]
 [ 0.11366475]]

iter 142
[[ 0.64964034]
 [ 0.23669491]
 [ 0.11366475]]

iter 143
[[ 0.64964034]
 [ 0.23669491]
 [ 0.11366475]]

iter 144
[[ 0.64964034]
 [ 0.23669491]
 [ 0.11366475]]

iter 145
[[ 0.64964034]
 [ 0.23669491]
 [ 0.11366475]]

iter 146
[[ 0.64964034]
 [ 0.23669491]
 [ 0.11366475]]

iter 147
[[ 0.64964034]
 [ 0.23669491]
 [ 0.11366475]]

iter 148
[[ 0.64964034]
 [ 0.23669491]
 [ 0.11366475]]

iter 149
[[ 0.64964034]
 [ 0.23669491]
 [ 0.11366475]]

iter 150
[[ 0.64964034]
 [ 0.23669491]
 [ 0.11366475]]

iter 151
[[ 0.64964034]
 [ 0.23669491]
 [ 0.11366475]]

iter 152
[[ 0.64964034]
 [ 0.23669491]
 [ 0.11366475]]

iter 153
[[ 0.64964034]
 [ 0.23669491]
 [ 0.11366475]]

iter 154
[[ 0.64964034]
 [ 0.23669491]
 [ 0.11366475]]

iter 155
[[ 0.64964034]
 [ 0.23669491]
 [ 0.11366475]]

iter 156
[[ 0.64964034]
 [ 0.23669491]
 [ 0.11366475]]

iter 157
[[ 0.64964034]
 [ 0.23669491]
 [ 0.11366475]]

iter 158
[[ 0.64964034]
 [ 0.23669491]
 [ 0.11366475]]

iter 159
[[ 0.64964034]
 [ 0.23669491]
 [ 0.11366475]]

iter 160
[[ 0.64964034]
 [ 0.23669491]
 [ 0.11366475]]

iter 161
[[ 0.64964034]
 [ 0.23669491]
 [ 0.11366475]]

iter 162
[[ 0.64964034]
 [ 0.23669491]
 [ 0.11366475]]

iter 163
[[ 0.64964034]
 [ 0.23669491]
 [ 0.11366475]]

iter 164
[[ 0.64964034]
 [ 0.23669491]
 [ 0.11366475]]

iter 165
[[ 0.64964034]
 [ 0.23669491]
 [ 0.11366475]]

iter 166
[[ 0.64964034]
 [ 0.23669491]
 [ 0.11366475]]

iter 167
[[ 0.64964034]
 [ 0.23669491]
 [ 0.11366475]]

iter 168
[[ 0.64964034]
 [ 0.23669491]
 [ 0.11366475]]

iter 169
[[ 0.64964034]
 [ 0.23669491]
 [ 0.11366475]]

iter 170
[[ 0.64964034]
 [ 0.23669491]
 [ 0.11366475]]

iter 171
[[ 0.64964034]
 [ 0.23669491]
 [ 0.11366475]]

iter 172
[[ 0.64964034]
 [ 0.23669491]
 [ 0.11366475]]

iter 173
[[ 0.64964034]
 [ 0.23669491]
 [ 0.11366475]]

iter 174
[[ 0.64964034]
 [ 0.23669491]
 [ 0.11366475]]

iter 175
[[ 0.64964034]
 [ 0.23669491]
 [ 0.11366475]]

iter 176
[[ 0.64964034]
 [ 0.23669491]
 [ 0.11366475]]

iter 177
[[ 0.64964034]
 [ 0.23669491]
 [ 0.11366475]]

iter 178
[[ 0.64964034]
 [ 0.23669491]
 [ 0.11366475]]

iter 179
[[ 0.64964034]
 [ 0.23669491]
 [ 0.11366475]]

iter 180
[[ 0.64964034]
 [ 0.23669491]
 [ 0.11366475]]

iter 181
[[ 0.64964034]
 [ 0.23669491]
 [ 0.11366475]]

iter 182
[[ 0.64964034]
 [ 0.23669491]
 [ 0.11366475]]

iter 183
[[ 0.64964034]
 [ 0.23669491]
 [ 0.11366475]]

iter 184
[[ 0.64964034]
 [ 0.23669491]
 [ 0.11366475]]

iter 185
[[ 0.64964034]
 [ 0.23669491]
 [ 0.11366475]]

iter 186
[[ 0.64964034]
 [ 0.23669491]
 [ 0.11366475]]

iter 187
[[ 0.64964034]
 [ 0.23669491]
 [ 0.11366475]]

iter 188
[[ 0.64964034]
 [ 0.23669491]
 [ 0.11366475]]

iter 189
[[ 0.64964034]
 [ 0.23669491]
 [ 0.11366475]]

iter 190
[[ 0.64964034]
 [ 0.23669491]
 [ 0.11366475]]

iter 191
[[ 0.64964034]
 [ 0.23669491]
 [ 0.11366475]]

iter 192
[[ 0.64964034]
 [ 0.23669491]
 [ 0.11366475]]

iter 193
[[ 0.64964034]
 [ 0.23669491]
 [ 0.11366475]]

iter 194
[[ 0.64964034]
 [ 0.23669491]
 [ 0.11366475]]

iter 195
[[ 0.64964034]
 [ 0.23669491]
 [ 0.11366475]]

iter 196
[[ 0.64964034]
 [ 0.23669491]
 [ 0.11366475]]

iter 197
[[ 0.64964034]
 [ 0.23669491]
 [ 0.11366475]]

iter 198
[[ 0.64964034]
 [ 0.23669491]
 [ 0.11366475]]

iter 199
[[ 0.64964034]
 [ 0.23669491]
 [ 0.11366475]]

iter 200
[[ 0.64964034]
 [ 0.23669491]
 [ 0.11366475]]

iter 201
[[ 0.64964034]
 [ 0.23669491]
 [ 0.11366475]]

iter 202
[[ 0.64964034]
 [ 0.23669491]
 [ 0.11366475]]

iter 203
[[ 0.64964034]
 [ 0.23669491]
 [ 0.11366475]]

iter 204
[[ 0.64964034]
 [ 0.23669491]
 [ 0.11366475]]

iter 205
[[ 0.64964034]
 [ 0.23669491]
 [ 0.11366475]]

iter 206
[[ 0.64964034]
 [ 0.23669491]
 [ 0.11366475]]

iter 207
[[ 0.64964034]
 [ 0.23669491]
 [ 0.11366475]]

iter 208
[[ 0.64964034]
 [ 0.23669491]
 [ 0.11366475]]

iter 209
[[ 0.64964034]
 [ 0.23669491]
 [ 0.11366475]]

iter 210
[[ 0.64964034]
 [ 0.23669491]
 [ 0.11366475]]

iter 211
[[ 0.64964034]
 [ 0.23669491]
 [ 0.11366475]]

iter 212
[[ 0.64964034]
 [ 0.23669491]
 [ 0.11366475]]

iter 213
[[ 0.64964034]
 [ 0.23669491]
 [ 0.11366475]]

iter 214
[[ 0.64964034]
 [ 0.23669491]
 [ 0.11366475]]

iter 215
[[ 0.64964034]
 [ 0.23669491]
 [ 0.11366475]]

iter 216
[[ 0.64964034]
 [ 0.23669491]
 [ 0.11366475]]

iter 217
[[ 0.64964034]
 [ 0.23669491]
 [ 0.11366475]]

iter 218
[[ 0.64964034]
 [ 0.23669491]
 [ 0.11366475]]

iter 219
[[ 0.64964034]
 [ 0.23669491]
 [ 0.11366475]]

iter 220
[[ 0.64964034]
 [ 0.23669491]
 [ 0.11366475]]

iter 221
[[ 0.64964034]
 [ 0.23669491]
 [ 0.11366475]]

iter 222
[[ 0.64964034]
 [ 0.23669491]
 [ 0.11366475]]

iter 223
[[ 0.64964034]
 [ 0.23669491]
 [ 0.11366475]]

iter 224
[[ 0.64964034]
 [ 0.23669491]
 [ 0.11366475]]

iter 225
[[ 0.64964034]
 [ 0.23669491]
 [ 0.11366475]]

iter 226
[[ 0.64964034]
 [ 0.23669491]
 [ 0.11366475]]

iter 227
[[ 0.64964034]
 [ 0.23669491]
 [ 0.11366475]]

iter 228
[[ 0.64964034]
 [ 0.23669491]
 [ 0.11366475]]

iter 229
[[ 0.64964034]
 [ 0.23669491]
 [ 0.11366475]]

iter 230
[[ 0.64964034]
 [ 0.23669491]
 [ 0.11366475]]

iter 231
[[ 0.64964034]
 [ 0.23669491]
 [ 0.11366475]]

iter 232
[[ 0.64964034]
 [ 0.23669491]
 [ 0.11366475]]

iter 233
[[ 0.64964034]
 [ 0.23669491]
 [ 0.11366475]]

iter 234
[[ 0.64964034]
 [ 0.23669491]
 [ 0.11366475]]

iter 235
[[ 0.64964034]
 [ 0.23669491]
 [ 0.11366475]]

iter 236
[[ 0.64964034]
 [ 0.23669491]
 [ 0.11366475]]

iter 237
[[ 0.64964034]
 [ 0.23669491]
 [ 0.11366475]]

iter 238
[[ 0.64964034]
 [ 0.23669491]
 [ 0.11366475]]

iter 239
[[ 0.64964034]
 [ 0.23669491]
 [ 0.11366475]]

iter 240
[[ 0.64964034]
 [ 0.23669491]
 [ 0.11366475]]

iter 241
[[ 0.64964034]
 [ 0.23669491]
 [ 0.11366475]]

iter 242
[[ 0.64964034]
 [ 0.23669491]
 [ 0.11366475]]

iter 243
[[ 0.64964034]
 [ 0.23669491]
 [ 0.11366475]]

iter 244
[[ 0.64964034]
 [ 0.23669491]
 [ 0.11366475]]

iter 245
[[ 0.64964034]
 [ 0.23669491]
 [ 0.11366475]]

iter 246
[[ 0.64964034]
 [ 0.23669491]
 [ 0.11366475]]

iter 247
[[ 0.64964034]
 [ 0.23669491]
 [ 0.11366475]]

iter 248
[[ 0.64964034]
 [ 0.23669491]
 [ 0.11366475]]

iter 249
[[ 0.64964034]
 [ 0.23669491]
 [ 0.11366475]]

