0
0 2
citation
2360 14765 3518 2360 14765 3518 2360 14765 3518 2951 17420 383
0   

1
0 2
citation
4357 143 2951 14765 1888 3901 678 2951 14765 1888 2951 14765
0

2
0 2
citation
17420 1888 9464 3518 2360 270 253 3518 2360 270 253 333 383 3518 2360 270
1     

3
0 2
citation
10198 4357 2951 10198 4357 2951 3518 9464 2360 1888 2360 1888 1575 678 253 270 10198 4357 2951 3518 9464 2360
0   

4
0 2
citation
17420 1888 9464 3518 2360 270 253 3518 2360 270 253 333 383 3518 2360 270
0   

5
0 2
citation
2360 14765 3518 2360 14765 3518 2360 14765 3518 2951 17420 383
0   

6
0 2
citation
4357 143 2951 14765 1888 3901 678 2951 14765 1888 2951 14765
0

7
0 2
citation
17420 1888 9464 3518 2360 270 253 3518 2360 270 253 333 383 3518 2360 270
1     

8
0 2
citation
10198 4357 2951 10198 4357 2951 3518 9464 2360 1888 2360 1888 1575 678 253 270 10198 4357 2951 3518 9464 2360
0   

9
0 2
citation
17420 1888 9464 3518 2360 270 253 3518 2360 270 253 333 383 3518 2360 270
0                   

10
1
citation
2360 14765 3518 2360 14765 3518 2360 14765 3518 2951 17420 383
1 

11
1
citation
4357 143 2951 14765 1888 3901 678 2951 14765 1888 2951 14765
0

12
1
citation
17420 1888 9464 3518 2360 270 253 3518 2360 270 253 333 383 3518 2360 270
1   

13
1
citation
10198 4357 2951 10198 4357 2951 3518 9464 2360 1888 2360 1888 1575 678 253 270 10198 4357 2951 3518 9464 2360
0 

14
1
citation
17420 1888 9464 3518 2360 270 253 3518 2360 270 253 333 383 3518 2360 270
0          

15
1
citation
2360 14765 3518 2360 14765 3518 2360 14765 3518 2951 17420 383
1  

16
1
citation
4357 143 2951 14765 1888 3901 678 2951 14765 1888 2951 14765
0

17
1
citation
17420 1888 9464 3518 2360 270 253 3518 2360 270 253 333 383 3518 2360 270
1   

18
1
citation
10198 4357 2951 10198 4357 2951 3518 9464 2360 1888 2360 1888 1575 678 253 270 10198 4357 2951 3518 9464 2360
0 

19
1
citation
17420 1888 9464 3518 2360 270 253 3518 2360 270 253 333 383 3518 2360 270
0          

20
3
citation
2360 14765 3518 2360 14765 3518 2360 14765 3518 2951 17420 383
1  

21
3
citation
4357 143 2951 14765 1888 3901 678 2951 14765 1888 2951 14765
0

22
3
citation
17420 1888 9464 3518 2360 270 253 3518 2360 270 253 333 383 3518 2360 270
1     

23
3
citation
10198 4357 2951 10198 4357 2951 3518 9464 2360 1888 2360 1888 1575 678 253 270 10198 4357 2951 3518 9464 2360
0   

24
3
citation
17420 1888 9464 3518 2360 270 253 3518 2360 270 253 333 383 3518 2360 270
0

25
3
citation
2360 14765 3518 2360 14765 3518 2360 14765 3518 2951 17420 383
1  

26
3
citation
4357 143 2951 14765 1888 3901 678 2951 14765 1888 2951 14765
0

27
3
citation
17420 1888 9464 3518 2360 270 253 3518 2360 270 253 333 383 3518 2360 270
1     

28
3
citation
10198 4357 2951 10198 4357 2951 3518 9464 2360 1888 2360 1888 1575 678 253 270 10198 4357 2951 3518 9464 2360
0   

29
3
citation
17420 1888 9464 3518 2360 270 253 3518 2360 270 253 333 383 3518 2360 270
0               

30
4
citation
2360 14765 3518 2360 14765 3518 2360 14765 3518 2951 17420 383
1   

31
4
citation
4357 143 2951 14765 1888 3901 678 2951 14765 1888 2951 14765
0

32
4
citation
17420 1888 9464 3518 2360 270 253 3518 2360 270 253 333 383 3518 2360 270
1     

33
4
citation
10198 4357 2951 10198 4357 2951 3518 9464 2360 1888 2360 1888 1575 678 253 270 10198 4357 2951 3518 9464 2360
0   

34
4
citation
17420 1888 9464 3518 2360 270 253 3518 2360 270 253 333 383 3518 2360 270
0

35
4
citation
2360 14765 3518 2360 14765 3518 2360 14765 3518 2951 17420 383
1   

36
4
citation
4357 143 2951 14765 1888 3901 678 2951 14765 1888 2951 14765
0

37
4
citation
17420 1888 9464 3518 2360 270 253 3518 2360 270 253 333 383 3518 2360 270
1     

38
4
citation
10198 4357 2951 10198 4357 2951 3518 9464 2360 1888 2360 1888 1575 678 253 270 10198 4357 2951 3518 9464 2360
0   

39
4
citation
17420 1888 9464 3518 2360 270 253 3518 2360 270 253 333 383 3518 2360 270
0            

40
5
citation
2360 14765 3518 2360 14765 3518 2360 14765 3518 2951 17420 383
2   

41
5
citation
4357 143 2951 14765 1888 3901 678 2951 14765 1888 2951 14765
2

42
5
citation
17420 1888 9464 3518 2360 270 253 3518 2360 270 253 333 383 3518 2360 270
2    

43
5
citation
10198 4357 2951 10198 4357 2951 3518 9464 2360 1888 2360 1888 1575 678 253 270 10198 4357 2951 3518 9464 2360
2  

44
5
citation
17420 1888 9464 3518 2360 270 253 3518 2360 270 253 333 383 3518 2360 270
2 

45
5
citation
2360 14765 3518 2360 14765 3518 2360 14765 3518 2951 17420 383
1  

46
5
citation
4357 143 2951 14765 1888 3901 678 2951 14765 1888 2951 14765
2

47
5
citation
17420 1888 9464 3518 2360 270 253 3518 2360 270 253 333 383 3518 2360 270
2    

48
5
citation
10198 4357 2951 10198 4357 2951 3518 9464 2360 1888 2360 1888 1575 678 253 270 10198 4357 2951 3518 9464 2360
2  

49
5
citation
17420 1888 9464 3518 2360 270 253 3518 2360 270 253 333 383 3518 2360 270
2 