0
0
0
0
0

1
1 2 3
0
2360 14765 3518 2360 14765 3518 2360 14765 3518 2951 17420 383
1

2
1 2
0
4357 143 2951 14765 1888 3901 678 2951 14765 1888 
2

3
1
0
3901 9464 14765 3518 14765 3518 2951 17420 3506 678 270 333 678 270 333
3

4
1
0
10198 4357 2951 10198 4357 2951 3518 9464 2360 1888 2360 1888 1575 678 253 270
1

5
1
0
17420 1888 9464 3518 2360 270 253 3518 2360 270 253 333 383
1

6
1 2
0
3901 1888 3518 1575 14765 143 333 3901 1888 3518 1575 14765
1

7
1 3
0
1575 4357 143 14765 143 14765 9464 1888 2360 3518 2951 17420 2360 3518 2951 17420 678
1

8
2
2 4 5
9464 2360 10198 2951 17420 1575 253 270 678 10198 2951 17420
2

9
1 2
0
9464 3901 14765 17420 1888 2360 4357 3518 2951 3506 2951 3506 1745 9464 3901 14765
2

10
1 3
0 
1575 1888 17420 2360 17420 2360 3518 9464 2951 3901 14765 2951 3901 14765 10198 143 253 3506
3

11
4
1 3 5 2
2360 14765 3518 2360 14765 3518 2360 14765 3518 2951 17420 383
4

12
4
1 7 8 11
4357 143 2951 14765 1888 3901 678 2951 14765 1888 
5

13
4
1 11 12
3901 9464 14765 3518 14765 3518 2951 17420 3506 678 270 333 678 270 333
5

14
4
1 2 12 13
10198 4357 2951 10198 4357 2951 3518 9464 2360 1888 2360 1888 1575 678 253 270
4

15
4
1 5 9 11 12 14
17420 1888 9464 3518 2360 270 253 3518 2360 270 253 333 383
5

16
4
2 3 6 8 11 12 15 14
3901 1888 3518 1575 14765 143 333 3901 1888 3518 1575 14765
4

17
4
2 4 5 7 10 11 13 15
1575 4357 143 14765 143 14765 9464 1888 2360 3518 2951 17420 2360 3518 2951 17420 678
5

18
4 
1 2 3 4 5 9 11 12 14 16
9464 2360 10198 2951 17420 1575 253 270 678 10198 2951 17420
5

19
4
1 3 8 19 11 16 17 18
9464 3901 14765 17420 1888 2360 4357 3518 2951 3506 2951 3506 1745 9464 3901 14765
5

20
4
1 2 3 8 9 11 14 16 18
1575 1888 17420 2360 17420 2360 3518 9464 2951 3901 14765 2951 3901 14765 10198 143 253 3506
5

21
5
0
1 2 3 4 5 6 7 8 9 10
1

22
5
1
1 2 3 4 5 6 7 8 9 10
2

23
5
1 2
1 2 3 4 5 6 7 8 9 10
3

24
5
1 2 
1 2 3 4 5 6 7 8 9 10
1

25
5
1 3
1 2 3 4 5 6 7 8 9 10
1

26
5
1 3 5
1 2 3 4 5 6 7 8 9 10
1

27
5
1 2 3 4 
1 2 3 4 5 6 7 8 9 10
1

28
5
2 4 5
1 2 3 4 5 6 7 8 9 10
2

29
5
1 5 7 8
1 2 3 4 5 6 7 8 9 10
2

30
5
1 3 5 7 9 
1 2 3 4 5 6 7 8 9 10
3

31
6 
1
4531 1848 6075 3367 15420 848 6075 3367 15420 1191 10284 4001 678 482 440 22881 2000 115 13
6

32
6
31 1 2 3 4 5 6 7 8 9
17366 482 4531 1848 10284 4531 1848 10284 678 22 97
6

33
6
31 
17366 482 4531 1848 10284 4531 1848 10284 678 22 97
6

34
6 
32 33
3613 17366 22881 2000 15420 1191 4001 22881 2000 15420 1191 440 4531 3367 10284 6075 97 13 22 23
7

35
6 
31 34
15420 1191 10284 17366 3613 10284 17366 3613 482 13
6

36
6 
31 32 33 34 35
6075 4001 3367 678 482 1191 22881 2000 3367 678 482 1191 22881 2000 440 15420 3613 1848 4531 17366 10284 22
8

37
7
34 36
17366 15420 4001 440 17366 15420 4001 440 3613 22881 678 2000 482 4531 1448 23 83 22
6

38
6 
31 37 35 36
17366 2000 6075 4531 17366 2000 6075 4531 10284 22881 1191 15420 4001 3613 1848 482 678 97 22
9

39
6 7
31 32 33 34
1848 15420 3367 6075 440 3613 1191 6075 440 3613 1191 678 4001 4531 482 10284 482 10284 17366 2000 22881 22 23
6

40
6 
35 36 38 39
440 4001 4531 15420 1191 17366 2000 115 4001 4531 15420 17366 2000
7

41
8
31 35 37 40
4531 1848 6075 3367 15420 848 6075 3367 15420 1191 10284 4001 678 482 440 22881 2000 115 13
8 

42
8
32 33 35 40 41
17366 482 4531 1848 10284 4531 1848 10284 678 22 97
9

43
8
40 41 42 35 38
440 1848 440 1848 6075 678 22881 15420 4001 10284 2000 97
9

44
8
40 41 43
3613 17366 22881 2000 15420 1191 4001 22881 2000 15420 1191 440 4531 3367 10284 6075 97 13 22 23
8

45
8
41 43 44 39 40
15420 1191 10284 17366 3613 10284 17366 3613 482 13
8

46
8
41 45 43 38
6075 4001 3367 678 482 1191 22881 2000 3367 678 482 1191 22881 2000 440 15420 3613 1848 4531 17366 10284 22
9

47
8
41 42 45 46 35 38 
17366 15420 4001 440 17366 15420 4001 440 3613 22881 678 2000 482 4531 1448 23 83 22
8

48
8
42 45 47 34
17366 2000 6075 4531 17366 2000 6075 4531 10284 22881 1191 15420 4001 3613 1848 482 678 97 22
9

49
8
44 46 48 
1848 15420 3367 6075 440 3613 1191 6075 440 3613 1191 678 4001 4531 482 10284 482 10284 17366 2000 22881 22 23
8

50
8
41 43 45 47 49 34 38 39 50
440 4001 4531 15420 1191 17366 2000 115 4001 4531 15420 17366 2000
9